208 0.023438 0.527574 0.011719 0.444853
87 0.062988 0.500000 0.021484 0.235294
61 0.081055 0.169118 0.011719 0.338235
24 0.101318 0.141544 0.021973 0.150735
24 0.130615 0.141544 0.021973 0.150735
121 0.136475 0.487132 0.033691 0.143382
24 0.159180 0.139706 0.023438 0.147059
41 0.210693 0.358456 0.009277 0.386029
24 0.218018 0.136029 0.021973 0.147059
86 0.257080 0.448529 0.018066 0.352941
24 0.349609 0.134191 0.022461 0.158088
24 0.379150 0.128676 0.022949 0.154412
24 0.414551 0.115809 0.023438 0.150735
208 0.436768 0.507353 0.011230 0.330882
41 0.468750 0.352941 0.008789 0.389706
24 0.477295 0.123162 0.022949 0.143382
87 0.500000 0.393382 1.000000 0.367647
24 0.528809 0.123162 0.022461 0.150735
121 0.536133 0.444853 0.040039 0.183824
24 0.559570 0.117647 0.021484 0.147059
208 0.590820 0.498162 0.010742 0.474265
41 0.648193 0.284926 0.012207 0.430147
95 0.652344 0.860294 0.034180 0.279412
95 0.671387 0.860294 0.032227 0.264706
208 0.690918 0.474265 0.010742 0.551471
208 0.724121 0.283088 0.010742 0.455882
26 0.731445 0.051471 0.020508 0.102941
24 0.788574 0.485294 0.023438 0.147059
26 0.896729 0.428309 0.020996 0.136029
86 0.943115 0.441176 0.019043 0.360294
208 0.994141 0.371324 0.011719 0.742647
