142 0.088379 0.505600 0.025391 0.083200
59 0.249512 0.313600 0.022461 0.278400
59 0.293701 0.587200 0.036621 0.124800
24 0.435791 0.726400 0.050293 0.124800
41 0.450684 0.514400 0.026367 0.395200
134 0.499023 0.488000 0.998047 0.060800
134 0.537354 0.715200 0.749512 0.057600
26 0.604980 0.604000 0.048828 0.065600
41 0.618896 0.473600 0.020996 0.473600
208 0.691895 0.284000 0.019531 0.084800
26 0.755127 0.798400 0.047363 0.089600
41 0.776855 0.572000 0.023438 0.379200
24 0.890625 0.732000 0.047852 0.129600
41 0.909912 0.513600 0.027832 0.380800
