59 0.013434 0.515571 0.026869 0.138408
59 0.043234 0.333910 0.037616 0.117647
43 0.206644 0.739619 0.059599 0.147059
26 0.215437 0.439446 0.033219 0.079585
26 0.220078 0.293253 0.043478 0.105536
121 0.308012 0.026817 0.154861 0.046713
26 0.362970 0.334775 0.045921 0.129758
134 0.500000 0.614187 1.000000 0.072664
24 0.515144 0.412630 0.044455 0.129758
24 0.515633 0.371972 0.044455 0.100346
43 0.537128 0.042388 0.054226 0.081315
24 0.755984 0.486159 0.045432 0.124567
121 0.797997 0.865917 0.117733 0.091696
41 0.854910 0.707612 0.020518 0.335640
24 0.871764 0.486159 0.045432 0.121107
