87 0.101318 0.513699 0.010254 0.219178
26 0.172607 0.554795 0.011230 0.136986
43 0.176025 0.260274 0.015137 0.342466
24 0.312500 0.705479 0.011719 0.150685
26 0.312500 0.123288 0.013672 0.219178
49 0.320312 0.486301 0.007812 0.410959
87 0.338379 0.486301 0.011719 0.219178
87 0.397217 0.489726 0.011230 0.226027
120 0.562256 0.934932 0.068848 0.130137
80 0.617920 0.113014 0.027832 0.198630
80 0.619141 0.945205 0.018555 0.109589
80 0.620361 0.739726 0.023926 0.178082
87 0.641846 0.500000 0.012207 0.246575
84 0.942627 0.428082 0.011230 0.047945
