26 0.008057 0.198529 0.016113 0.147059
26 0.009277 0.325368 0.018555 0.150735
208 0.052490 0.579044 0.010254 0.834559
86 0.081543 0.433824 0.017578 0.360294
24 0.126465 0.257353 0.023438 0.147059
24 0.127197 0.382353 0.021973 0.169118
86 0.204834 0.428309 0.017090 0.393382
26 0.247070 0.191176 0.020508 0.132353
26 0.247803 0.316176 0.020996 0.132353
26 0.352783 0.308824 0.020020 0.125000
24 0.372803 0.251838 0.021973 0.143382
208 0.420166 0.529412 0.016113 0.926471
86 0.444336 0.426471 0.017578 0.345588
26 0.493408 0.194853 0.020996 0.139706
26 0.493164 0.319853 0.021484 0.139706
86 0.565430 0.441176 0.016602 0.367647
24 0.626709 0.380515 0.022949 0.158088
24 0.626465 0.255515 0.023438 0.150735
208 0.680664 0.189338 0.015625 0.378676
26 0.697998 0.314338 0.021973 0.136029
26 0.698486 0.196691 0.020996 0.143382
26 0.758789 0.198529 0.022461 0.147059
26 0.784668 0.194853 0.020508 0.147059
26 0.809326 0.202206 0.020996 0.139706
26 0.862305 0.325368 0.023438 0.128676
53 0.862549 0.487132 0.026855 0.437500
47 0.880615 0.191176 0.018066 0.360294
26 0.921387 0.066176 0.020508 0.132353
24 0.922607 0.941176 0.024902 0.102941
26 0.946777 0.064338 0.020508 0.128676
24 0.949951 0.946691 0.021973 0.091912
26 0.969727 0.062500 0.019531 0.125000
24 0.973389 0.948529 0.021973 0.088235
