208 0.007572 0.615611 0.015144 0.076583
24 0.107230 0.364507 0.050318 0.092784
24 0.112848 0.525773 0.034196 0.091311
24 0.117733 0.961708 0.056668 0.070692
137 0.236444 0.975700 0.083048 0.039764
24 0.236932 0.439617 0.046898 0.098675
24 0.238153 0.392489 0.052272 0.081001
24 0.238886 0.364507 0.047875 0.092784
24 0.239375 0.507364 0.048852 0.128130
24 0.239375 0.947717 0.048852 0.095729
24 0.382511 0.719440 0.049829 0.098675
43 0.386419 0.830633 0.036150 0.088365
26 0.414753 0.457290 0.049829 0.075110
26 0.415242 0.332106 0.048852 0.095729
134 0.500733 0.432253 0.998534 0.175258
134 0.502931 0.491900 0.994138 0.055965
134 0.612848 0.601620 0.749878 0.066274
134 0.626527 0.719440 0.071812 0.025037
134 0.688813 0.277614 0.032242 0.030928
208 0.993894 0.588365 0.012213 0.237113
