24 0.017090 0.278443 0.012695 0.149701
61 0.030518 0.425150 0.006348 0.407186
26 0.041748 0.446108 0.012207 0.137725
120 0.042480 0.164671 0.049805 0.149701
24 0.062012 0.386228 0.013672 0.149701
61 0.092285 0.224551 0.006836 0.413174
26 0.105225 0.209581 0.013184 0.143713
63 0.120117 0.413174 0.011719 0.359281
120 0.133789 0.125749 0.047852 0.155689
24 0.134766 0.389222 0.012695 0.143713
26 0.157471 0.323353 0.013184 0.131737
24 0.194336 0.176647 0.013672 0.137725
63 0.210205 0.338323 0.011230 0.341317
26 0.226807 0.329341 0.012207 0.119760
120 0.227051 0.062874 0.064453 0.125749
61 0.242676 0.299401 0.007812 0.562874
61 0.247314 0.365269 0.008301 0.586826
24 0.257080 0.269461 0.013184 0.131737
61 0.287109 0.230539 0.006836 0.461078
95 0.289795 0.850299 0.022949 0.275449
61 0.289795 0.275449 0.009277 0.550898
30 0.302734 0.200599 0.014648 0.149701
40 0.319336 0.218563 0.005859 0.101796
28 0.372559 0.176647 0.014648 0.149701
40 0.390625 0.143713 0.006836 0.071856
30 0.447754 0.107784 0.015625 0.155689
40 0.460205 0.137725 0.008301 0.059880
40 0.463867 0.137725 0.009766 0.059880
28 0.518311 0.065868 0.015137 0.131737
40 0.533691 0.035928 0.007812 0.059880
61 0.580566 0.239521 0.010742 0.479042
30 0.598389 0.197605 0.014160 0.143713
40 0.616455 0.227545 0.006348 0.083832
28 0.676270 0.167665 0.016602 0.155689
59 0.697998 0.188623 0.009277 0.353293
26 0.712646 0.209581 0.013184 0.143713
28 0.749512 0.263473 0.014648 0.155689
24 0.784668 0.266467 0.013672 0.137725
30 0.820557 0.200599 0.014160 0.149701
40 0.840332 0.227545 0.006836 0.083832
30 0.916748 0.535928 0.015137 0.161677
40 0.931396 0.532934 0.006348 0.083832
