5 0.135742 0.253600 0.039062 0.264000
59 0.213867 0.472800 0.036133 0.171200
24 0.435059 0.476800 0.050781 0.124800
121 0.520020 0.846400 0.220703 0.076800
26 0.532471 0.553600 0.044434 0.080000
26 0.587402 0.452000 0.046875 0.084800
24 0.643555 0.480800 0.049805 0.126400
24 0.816650 0.588800 0.045410 0.102400
134 0.820801 0.606400 0.074219 0.019200
41 0.829346 0.326400 0.025879 0.371200
121 0.863281 0.170400 0.194336 0.059200
24 0.872803 0.481600 0.043457 0.108800
24 0.873779 0.528000 0.041504 0.102400
26 0.941406 0.545600 0.050781 0.108800
134 0.949707 0.611200 0.100586 0.032000
41 0.958984 0.372800 0.024414 0.438400
