59 0.082520 0.507353 0.014648 0.323529
59 0.095947 0.404412 0.017090 0.448529
59 0.108887 0.534926 0.015625 0.334559
26 0.167969 0.691176 0.021484 0.132353
86 0.214111 0.465074 0.018066 0.356618
24 0.285400 0.621324 0.022949 0.154412
86 0.333252 0.459559 0.018066 0.367647
26 0.403809 0.566176 0.022461 0.139706
86 0.451660 0.470588 0.017578 0.367647
142 0.505371 0.413603 0.989258 0.437500
26 0.525391 0.580882 0.024414 0.139706
86 0.599609 0.470588 0.017578 0.367647
95 0.670654 0.090074 0.024902 0.180147
24 0.679199 0.737132 0.022461 0.150735
95 0.688965 0.086397 0.023438 0.172794
24 0.718994 0.737132 0.022949 0.158088
121 0.730469 0.240809 0.095703 0.180147
26 0.743408 0.575368 0.020996 0.128676
134 0.744873 0.735294 0.061035 0.036765
26 0.767822 0.584559 0.020996 0.139706
24 0.820557 0.733456 0.021973 0.158088
24 0.843994 0.735294 0.022949 0.169118
134 0.847412 0.735294 0.040527 0.036765
121 0.869629 0.244485 0.091797 0.165441
34 0.872803 0.573529 0.022949 0.139706
26 0.906494 0.569853 0.021973 0.125000
134 0.957764 0.727941 0.084473 0.095588
