84 0.193359 0.413183 0.022461 0.073955
86 0.436768 0.446945 0.019043 0.372990
94 0.448975 0.895498 0.031738 0.131833
94 0.456055 0.908360 0.018555 0.131833
95 0.479248 0.871383 0.039551 0.257235
1 0.486084 0.147910 0.040527 0.032154
24 0.486572 0.152733 0.024902 0.138264
24 0.486572 0.048232 0.024902 0.096463
87 0.533936 0.519293 0.020020 0.202572
96 0.543213 0.895498 0.018066 0.144695
95 0.563721 0.872990 0.039551 0.254019
1 0.569336 0.149518 0.037109 0.035370
24 0.570068 0.049839 0.023926 0.099678
24 0.570801 0.160772 0.024414 0.128617
24 0.604492 0.160772 0.024414 0.135048
24 0.643799 0.149518 0.023926 0.138264
26 0.697510 0.043408 0.032715 0.086817
28 0.722168 0.173633 0.022461 0.115756
96 0.854004 0.871383 0.019531 0.141479
95 0.872070 0.845659 0.038086 0.295820
24 0.881836 0.151125 0.024414 0.128617
24 0.881836 0.048232 0.027344 0.096463
24 0.916504 0.041801 0.025391 0.083601
24 0.918457 0.141479 0.023438 0.141479
125 0.930176 0.877814 0.073242 0.090032
24 0.957031 0.147910 0.024414 0.128617
24 0.961914 0.038585 0.020508 0.077170
