5 0.049829 0.496454 0.043967 0.879433
59 0.090865 0.445035 0.015633 0.358156
59 0.108207 0.265957 0.015144 0.290780
59 0.124817 0.468085 0.017098 0.312057
59 0.138984 0.315603 0.017098 0.326241
59 0.155105 0.562057 0.016121 0.351064
26 0.201026 0.203901 0.019052 0.124113
24 0.229604 0.269504 0.020518 0.141844
24 0.260137 0.381206 0.018075 0.138298
61 0.279678 0.526596 0.014167 0.351064
26 0.303127 0.558511 0.021006 0.124113
24 0.330239 0.507092 0.021495 0.134752
61 0.350269 0.457447 0.013679 0.411348
24 0.370787 0.514184 0.019541 0.099291
26 0.399365 0.432624 0.021006 0.113475
24 0.427943 0.386525 0.021495 0.141844
34 0.502687 0.773050 0.029311 0.127660
30 0.756961 0.773050 0.021006 0.134752
124 0.800684 0.957447 0.098681 0.078014
120 0.826331 0.195035 0.116756 0.390071
95 0.878603 0.884752 0.024915 0.230496
30 0.887396 0.081560 0.021983 0.127660
95 0.896190 0.882979 0.028823 0.226950
