5 0.115234 0.518286 0.102539 0.645768
59 0.196045 0.484326 0.042480 0.228840
59 0.235352 0.355799 0.039062 0.218391
59 0.271484 0.491118 0.041016 0.246604
59 0.303467 0.382968 0.043457 0.237200
59 0.339600 0.554859 0.045410 0.277952
26 0.436523 0.318182 0.058594 0.111808
24 0.500488 0.355277 0.060547 0.121212
24 0.565430 0.433647 0.060547 0.110763
26 0.658447 0.535005 0.055176 0.123302
24 0.718750 0.510449 0.058594 0.097179
24 0.810059 0.500522 0.054688 0.117032
26 0.870850 0.463427 0.056152 0.120167
24 0.932617 0.428945 0.066406 0.101358
61 0.609619 0.530825 0.044434 0.286311
61 0.758057 0.498955 0.051270 0.258098
120 0.636230 0.251306 0.599609 0.193312
200 0.523926 0.683908 0.221680 0.161964
200 0.807129 0.705329 0.215820 0.066876
