24 0.081299 0.500777 0.088379 0.109557
26 0.230469 0.536908 0.069336 0.138306
63 0.161133 0.551671 0.069336 0.285936
86 0.316895 0.476690 0.095703 0.296037
85 0.584473 0.484071 0.114258 0.107226
120 0.141602 0.193085 0.258789 0.145299
120 0.646240 0.904040 0.670410 0.125097
95 0.259766 0.074981 0.155273 0.146853
125 0.688721 0.098291 0.581543 0.126651
200 0.180664 0.267288 0.144531 0.046620
200 0.181396 0.288267 0.142090 0.049728
200 0.794189 0.012821 0.178223 0.025641
170 0.416992 0.976690 0.035156 0.046620
