26 0.089912 0.681851 0.103383 0.118364
24 0.197682 0.648494 0.109649 0.094692
24 0.310777 0.721306 0.107769 0.109756
24 0.417607 0.655308 0.109649 0.118364
26 0.568609 0.752869 0.122180 0.147059
24 0.680138 0.652439 0.112155 0.116930
26 0.775063 0.544835 0.097744 0.138451
24 0.886591 0.652439 0.107769 0.116930
193 0.702381 0.782999 0.097744 0.106887
192 0.782895 0.805595 0.119674 0.225251
24 0.688596 0.447274 0.066416 0.073888
109 0.610276 0.606528 0.037594 0.236011
201 0.128759 0.506456 0.202381 0.028694
24 0.859023 0.383788 0.116541 0.083214
26 0.645677 0.473458 0.098371 0.077475
