61 0.106456 0.083571 0.090006 0.150000
158 0.309745 0.046071 0.168839 0.072143
192 0.224395 0.192143 0.133457 0.220000
192 0.315642 0.199643 0.116077 0.215000
44 0.291744 0.461071 0.198634 0.183571
125 0.680944 0.162143 0.620732 0.157143
61 0.084109 0.759643 0.097455 0.303571
63 0.170701 0.675357 0.086903 0.259286
34 0.287399 0.665357 0.129112 0.125000
34 0.291744 0.755357 0.120422 0.112143
192 0.235258 0.915714 0.137803 0.155714
192 0.317815 0.918214 0.111732 0.156429
125 0.681875 0.912143 0.605214 0.148571
