28 0.166568 0.506429 0.151425 0.118571
28 0.150534 0.061786 0.135986 0.096429
26 0.559382 0.038214 0.106888 0.073571
24 0.758314 0.024286 0.108076 0.038571
120 0.473278 0.125000 0.581948 0.157143
120 0.585214 0.420000 0.802257 0.108571
190 0.657363 0.766429 0.108076 0.170000
190 0.772565 0.765714 0.122328 0.178571
190 0.676069 0.268929 0.126485 0.143571
190 0.796021 0.262857 0.121734 0.158571
93 0.369062 0.760714 0.088480 0.114286
94 0.288895 0.739286 0.102732 0.082857
94 0.293943 0.253929 0.100950 0.079286
95 0.380048 0.276429 0.090261 0.121429
93 0.380048 0.276071 0.087886 0.120714
93 0.455760 0.745714 0.070665 0.082857
200 0.064727 0.174286 0.127078 0.114286
95 0.372031 0.760000 0.087292 0.115714
