26 0.070591 0.595788 0.052272 0.120924
26 0.076209 0.688859 0.066439 0.095109
86 0.152418 0.468071 0.057645 0.289402
86 0.236199 0.465353 0.050318 0.278533
86 0.735711 0.476902 0.058622 0.271739
85 0.835613 0.459918 0.052272 0.129076
24 0.357596 0.557065 0.057645 0.100543
24 0.358818 0.650136 0.061065 0.091033
26 0.415975 0.593071 0.043478 0.115489
26 0.415975 0.684783 0.045432 0.092391
24 0.516854 0.638587 0.061553 0.103261
24 0.517098 0.717391 0.065950 0.100543
73 0.360283 0.724185 0.026869 0.062500
73 0.413043 0.760190 0.026869 0.066576
73 0.511236 0.800272 0.027846 0.065217
112 0.425989 0.247283 0.054714 0.163043
112 0.421348 0.931386 0.063996 0.126359
127 0.718368 0.884511 0.059111 0.165761
26 0.656082 0.655571 0.055691 0.091033
26 0.655594 0.752717 0.052760 0.103261
202 0.500000 0.484375 1.000000 0.237772
