24 0.156494 0.427259 0.054199 0.071975
26 0.150146 0.534456 0.054199 0.071975
24 0.618896 0.427259 0.054199 0.071975
26 0.607666 0.534456 0.054199 0.071975
87 0.423584 0.497703 0.045410 0.122511
87 0.821045 0.497703 0.045410 0.122511
59 0.041504 0.498086 0.041992 0.178407
59 0.080078 0.392420 0.041992 0.178407
166 0.141113 0.096095 0.045898 0.192190
162 0.665283 0.908499 0.049316 0.181470
166 0.617676 0.671133 0.047852 0.199847
166 0.146973 0.663476 0.050781 0.193721
162 0.192139 0.911945 0.053223 0.176110
186 0.818604 0.029096 0.056152 0.058193
185 0.819336 0.029096 0.056641 0.058193
201 0.491211 0.869066 0.979492 0.078101
166 0.618896 0.100306 0.046387 0.200613
185 0.423584 0.985069 0.050293 0.029862
