26 0.214737 0.607245 0.084211 0.072453
26 0.758596 0.534792 0.084211 0.072453
63 0.090175 0.607604 0.070877 0.202296
125 0.746316 0.773673 0.454035 0.135581
40 0.320702 0.607245 0.033684 0.033716
71 0.254035 0.710187 0.172632 0.094692
95 0.045965 0.755739 0.089123 0.142755
194 0.059298 0.814562 0.076491 0.082496
24 0.223860 0.921090 0.094035 0.084648
170 0.061754 0.958393 0.061754 0.083214
162 0.851930 0.403874 0.071579 0.229555
170 0.127719 0.904950 0.057544 0.190100
201 0.610175 0.629125 0.755789 0.067432
171 0.127018 0.906026 0.058947 0.187948
1 0.232632 0.915710 0.134035 0.023673
26 0.224211 0.919656 0.091930 0.081779
201 0.496140 0.399211 0.992281 0.099713
26 0.990175 0.528694 0.019649 0.064562
26 0.990175 0.454806 0.019649 0.074605
26 0.989825 0.397776 0.020351 0.056671
