26 0.355469 0.538544 0.039062 0.072805
26 0.357422 0.609208 0.039062 0.072805
24 0.699707 0.573876 0.039062 0.072805
69 0.227295 0.357066 0.038574 0.191649
5 0.138428 0.466274 0.094238 0.544968
120 0.503174 0.349572 0.462402 0.193790
120 0.450928 0.771949 0.450684 0.139186
61 0.311768 0.608672 0.021973 0.195931
141 0.138428 0.091542 0.091309 0.183084
141 0.147217 0.891328 0.092285 0.217345
26 0.357178 0.044433 0.041504 0.078158
170 0.254639 0.912206 0.036621 0.175589
171 0.312256 0.084582 0.029785 0.169165
199 0.538086 0.047109 0.921875 0.094218
199 0.455811 0.185225 0.428223 0.096360
200 0.454590 0.187366 0.429688 0.117773
26 0.699707 0.027837 0.040039 0.044968
