26 0.138428 0.298965 0.049316 0.067675
24 0.280029 0.197850 0.049316 0.067675
24 0.368896 0.197850 0.049316 0.067675
26 0.470459 0.298965 0.049316 0.067675
24 0.595947 0.264729 0.049316 0.067675
30 0.729248 0.129379 0.049316 0.067675
30 0.822998 0.129379 0.049316 0.067675
24 0.931396 0.264729 0.049316 0.067675
61 0.080322 0.265127 0.027832 0.183121
61 0.664795 0.129777 0.027832 0.183121
120 0.198486 0.122611 0.146973 0.119427
120 0.448242 0.168790 0.141602 0.141720
120 0.898926 0.122611 0.162109 0.168790
61 0.208740 0.163217 0.027832 0.183121
120 0.639404 0.076433 0.116699 0.130573
170 0.529541 0.841162 0.040527 0.180732
24 0.593262 0.870621 0.060547 0.080414
199 0.867676 0.835191 0.122070 0.114650
199 0.411377 0.874204 0.127441 0.111465
26 0.149658 0.905653 0.054199 0.085191
24 0.925781 0.870621 0.059570 0.082006
26 0.469482 0.903662 0.054199 0.079618
171 0.087891 0.895701 0.036133 0.208599
24 0.828857 0.937500 0.057129 0.085191
26 0.275391 0.971338 0.056641 0.057325
24 0.729492 0.938296 0.057617 0.080414
26 0.368652 0.966959 0.057617 0.066083
171 0.670410 0.912420 0.036133 0.175159
1 0.927734 0.873806 0.097656 0.018312
199 0.675293 0.824443 0.129883 0.070860
1 0.922852 0.334395 0.089844 0.012739
171 0.219238 0.944268 0.033203 0.111465
1 0.938232 0.941879 0.120605 0.011146
1 0.272949 0.327627 0.076172 0.019904
1 0.727539 0.183917 0.083984 0.015924
1 0.817871 0.331210 0.082031 0.012739
1 0.945068 0.398089 0.109863 0.011146
1 0.367188 0.263137 0.084961 0.013535
1 0.719727 0.329220 0.083984 0.018312
201 0.227539 0.842755 0.124023 0.035828
1 0.989502 0.464570 0.020996 0.015127
1 0.277100 0.262341 0.071777 0.019904
1 0.597168 0.869029 0.084961 0.011943
159 0.212402 0.863455 0.018555 0.023089
1 0.597412 0.326035 0.089355 0.018312
1 0.962891 0.530255 0.074219 0.017516
1 0.819824 0.257166 0.078125 0.015924
1 0.722168 0.256369 0.088867 0.017516
1 0.600098 0.398885 0.076172 0.012739
172 0.087646 0.894904 0.036621 0.210191
1 0.935791 0.396895 0.106934 0.011943
1 0.364990 0.328822 0.079590 0.017516
199 0.228760 0.860271 0.124512 0.077229
1 0.979492 0.597930 0.041016 0.015924
