30 0.133250 0.608571 0.059500 0.071429
30 0.579250 0.537143 0.059500 0.071429
63 0.063500 0.608929 0.050000 0.199286
95 0.103500 0.786071 0.117000 0.209286
125 0.729750 0.747500 0.477500 0.112143
120 0.359750 0.673571 0.505500 0.188571
95 0.084750 0.187143 0.126500 0.174286
200 0.743500 0.170714 0.420000 0.068571
24 0.708250 0.012500 0.064500 0.025000
24 0.815250 0.014286 0.063500 0.028571
200 0.309000 0.344286 0.609000 0.115714
24 0.277750 0.012857 0.060500 0.025714
24 0.377250 0.012500 0.058500 0.025000
199 0.182000 0.041429 0.161000 0.081429
199 0.633750 0.044643 0.107500 0.079286
199 0.298000 0.035000 0.408000 0.068571
201 0.777250 0.037143 0.408500 0.071429
143 0.892250 0.044643 0.154500 0.089286
201 0.310750 0.037500 0.417500 0.073571
24 0.470000 0.381071 0.052000 0.073571
