26 0.337402 0.321850 0.041992 0.070866
24 0.329102 0.428150 0.041992 0.070866
26 0.690918 0.321850 0.041992 0.070866
24 0.690918 0.428150 0.041992 0.070866
87 0.529297 0.498524 0.035156 0.121063
87 0.839844 0.498524 0.035156 0.121063
67 0.162354 0.463583 0.042480 0.198819
67 0.205811 0.357283 0.042480 0.198819
67 0.260498 0.392717 0.042480 0.198819
67 0.285889 0.286417 0.042480 0.198819
5 0.070312 0.499508 0.100586 0.534449
170 0.286621 0.885827 0.035156 0.183071
26 0.692139 0.916339 0.047363 0.082677
26 0.338623 0.916831 0.046387 0.077756
166 0.683838 0.563976 0.041504 0.228346
26 0.338135 0.977854 0.047363 0.044291
166 0.330078 0.563484 0.036133 0.243110
141 0.062500 0.055118 0.105469 0.110236
201 0.501465 0.338091 0.996094 0.073819
170 0.249512 0.937992 0.041016 0.124016
109 0.250000 0.937992 0.040039 0.124016
201 0.500488 0.406004 0.994141 0.093504
