24 0.597317 0.428571 0.067922 0.071429
26 0.593893 0.537143 0.067922 0.071429
26 0.752568 0.464286 0.067922 0.071429
26 0.745719 0.537143 0.067922 0.071429
40 0.837900 0.463929 0.027397 0.033571
40 0.837900 0.536786 0.027397 0.033571
69 0.372432 0.393214 0.066781 0.189286
142 0.189783 0.500000 0.167237 0.312857
26 0.597603 0.948571 0.079909 0.088571
166 0.595605 0.680357 0.063356 0.226429
24 0.754281 0.967857 0.079338 0.058571
201 0.502283 0.026786 0.995434 0.053571
172 0.378139 0.902500 0.070205 0.190714
159 0.833048 0.946786 0.029110 0.032143
136 0.007705 0.592857 0.015411 0.808571
143 0.210046 0.921786 0.147260 0.152143
