84 0.492676 0.462370 0.053711 0.042474
26 0.128174 0.108048 0.064941 0.080477
24 0.761963 0.141952 0.065918 0.075261
159 0.198975 0.106185 0.022949 0.035022
159 0.201660 0.024963 0.023438 0.035022
24 0.763184 0.064083 0.067383 0.083458
26 0.128906 0.035395 0.067383 0.070790
159 0.883545 0.094635 0.017090 0.019374
1 0.761475 0.137109 0.107910 0.016393
201 0.500000 0.900522 0.998047 0.048435
201 0.159668 0.064829 0.066406 0.016393
1 0.746338 0.063338 0.113770 0.013413
184 0.992920 0.498510 0.014160 0.286140
69 0.993652 0.951937 0.012695 0.096125
