26 0.094971 0.569455 0.054199 0.068364
26 0.253662 0.504727 0.054199 0.068364
26 0.362061 0.434909 0.054199 0.068364
26 0.475342 0.434909 0.054199 0.068364
26 0.587158 0.434909 0.054199 0.068364
87 0.797607 0.538909 0.045410 0.116364
95 0.111572 0.902545 0.106934 0.194909
72 0.467529 0.361818 0.033691 0.047273
199 0.227051 0.422909 0.276367 0.156364
166 0.588867 0.572364 0.056641 0.218182
171 0.186523 0.498909 0.040039 0.234182
201 0.272217 0.972727 0.209473 0.054545
72 0.461670 0.952364 0.017090 0.029818
200 0.255127 0.756364 0.359863 0.091636
199 0.272461 0.971636 0.210938 0.053818
