26 0.171684 0.391834 0.060714 0.071633
26 0.425255 0.320917 0.060714 0.071633
24 0.635969 0.213467 0.060714 0.071633
24 0.954847 0.141834 0.060714 0.071633
59 0.071939 0.357092 0.046939 0.178367
59 0.362245 0.249642 0.046939 0.178367
59 0.545918 0.178009 0.046939 0.178367
59 0.875000 0.142192 0.046939 0.178367
70 0.635969 0.093840 0.103571 0.098854
70 0.958418 0.047994 0.080102 0.081662
40 0.704592 0.213109 0.024490 0.033668
170 0.546939 0.843481 0.045918 0.185530
26 0.445663 0.970630 0.067857 0.057307
170 0.873724 0.766834 0.045408 0.185530
24 0.630867 0.875000 0.067857 0.080946
70 0.652296 0.774355 0.088265 0.051576
159 0.704082 0.862106 0.025510 0.033668
170 0.367602 0.925501 0.048469 0.148997
24 0.948469 0.798352 0.070408 0.078080
70 0.976276 0.711318 0.046429 0.048711
166 0.151276 0.537607 0.052551 0.219914
70 0.963010 0.711318 0.072959 0.048711
1 0.941837 0.951289 0.106122 0.015759
1 0.945408 0.879656 0.107143 0.014327
1 0.629847 0.872851 0.105612 0.020774
1 0.953827 0.209169 0.092347 0.015759
1 0.944133 0.278295 0.108673 0.017908
166 0.433929 0.462393 0.056633 0.227077
159 0.010969 0.457020 0.020918 0.034384
1 0.629592 0.284384 0.106122 0.024355
1 0.952551 0.803367 0.094898 0.026504
