5 0.150146 0.533943 0.106934 0.502176
69 0.258545 0.400783 0.043457 0.176675
59 0.349121 0.533507 0.034180 0.165361
24 0.403564 0.533507 0.044434 0.066144
24 0.533936 0.600522 0.044434 0.066144
24 0.680908 0.600522 0.044434 0.066144
26 0.779541 0.566580 0.044434 0.066144
24 0.861084 0.533507 0.044434 0.066144
120 0.494873 0.316797 0.151855 0.109661
120 0.786377 0.308094 0.236816 0.116623
84 0.645752 0.699739 0.042480 0.040035
199 0.495117 0.925587 0.116211 0.073977
199 0.790771 0.918190 0.187012 0.111401
200 0.489746 0.965187 0.141602 0.060923
200 0.789551 0.963446 0.183594 0.064404
141 0.164551 0.948216 0.092773 0.103568
24 0.771484 0.426458 0.051758 0.059182
200 0.788818 0.922106 0.183105 0.117493
