24 0.402344 0.498581 0.043945 0.071902
24 0.527344 0.574267 0.043945 0.071902
24 0.686035 0.574267 0.043945 0.071902
26 0.759766 0.536424 0.043945 0.071902
24 0.854980 0.498581 0.043945 0.071902
84 0.637695 0.679754 0.041992 0.042573
59 0.348877 0.498581 0.033691 0.177862
69 0.251953 0.356670 0.042969 0.189215
5 0.156738 0.498108 0.105469 0.538316
120 0.492432 0.263955 0.149902 0.132450
120 0.791504 0.257332 0.190430 0.158940
182 0.644043 0.022706 0.046875 0.034059
200 0.728760 0.889782 0.542480 0.125828
72 0.886230 0.990066 0.015625 0.019868
1 0.617432 0.588931 0.101074 0.016083
1 0.937256 0.515610 0.118652 0.018921
72 0.883057 0.990539 0.016113 0.018921
1 0.969727 0.658940 0.060547 0.023652
1 0.642578 0.587985 0.145508 0.016083
24 0.762451 0.387890 0.044434 0.070009
1 0.935303 0.587512 0.129395 0.017029
