26 0.347582 0.390969 0.037616 0.070485
26 0.347582 0.461454 0.037616 0.070485
26 0.415975 0.390969 0.037616 0.070485
26 0.415975 0.461454 0.037616 0.070485
26 0.632877 0.390969 0.037616 0.070485
26 0.637763 0.461454 0.037616 0.070485
26 0.737909 0.390969 0.037616 0.070485
26 0.739863 0.461454 0.037616 0.070485
26 0.813141 0.390969 0.037616 0.070485
26 0.819980 0.461454 0.037616 0.070485
26 0.896678 0.390969 0.037616 0.070485
26 0.896678 0.461454 0.037616 0.070485
87 0.494382 0.531938 0.031265 0.121145
61 0.305081 0.391520 0.021006 0.192731
61 0.278701 0.462004 0.021006 0.192731
69 0.198583 0.426762 0.036639 0.188326
142 0.101368 0.497247 0.092330 0.311674
26 0.637518 0.928414 0.040059 0.085903
95 0.286517 0.840859 0.074744 0.177313
26 0.892281 0.922907 0.041524 0.083700
159 0.685882 0.926211 0.013679 0.033040
95 0.261358 0.242291 0.074255 0.171806
201 0.280655 0.308370 0.020029 0.019824
200 0.747924 0.705947 0.259893 0.041850
200 0.365413 0.704846 0.073278 0.033040
1 0.635564 0.968062 0.069370 0.022026
