24 0.160218 0.210602 0.073761 0.073066
26 0.173519 0.460602 0.073761 0.073066
26 0.342201 0.174069 0.073761 0.073066
24 0.347037 0.424069 0.073761 0.073066
26 0.561064 0.247135 0.073761 0.073066
24 0.559250 0.497135 0.073761 0.073066
26 0.737606 0.320201 0.073761 0.073066
24 0.739420 0.570201 0.073761 0.073066
63 0.083434 0.460960 0.061669 0.204155
63 0.068319 0.210960 0.061669 0.204155
63 0.472189 0.497493 0.061669 0.204155
63 0.470979 0.247493 0.061669 0.204155
72 0.165357 0.138610 0.023579 0.027937
72 0.348851 0.117837 0.033857 0.033668
72 0.571040 0.176218 0.033253 0.031519
72 0.751209 0.241046 0.029625 0.039398
26 0.340992 0.962751 0.082225 0.070201
26 0.560157 0.963109 0.081620 0.070917
26 0.156590 0.959885 0.082225 0.074499
26 0.739117 0.965258 0.080411 0.063754
72 0.340387 0.897923 0.022975 0.032235
72 0.737001 0.900430 0.024184 0.028653
72 0.154172 0.895415 0.024184 0.027221
72 0.560157 0.897923 0.025998 0.027937
1 0.573156 0.285817 0.124547 0.021490
1 0.342805 0.215258 0.122128 0.019341
26 0.265417 0.982450 0.070133 0.035100
24 0.483374 0.982092 0.070738 0.034384
72 0.563785 0.897923 0.028416 0.030802
1 0.343108 0.282951 0.128779 0.027221
24 0.670193 0.982450 0.080411 0.035100
1 0.370617 0.489613 0.155985 0.016476
1 0.161729 0.282593 0.114268 0.026504
