24 0.771729 0.643223 0.058105 0.073260
87 0.553955 0.497436 0.048340 0.124542
86 0.128174 0.497436 0.053223 0.218315
95 0.697510 0.789011 0.113770 0.213919
184 0.130615 0.948352 0.038574 0.103297
162 0.821045 0.521245 0.051270 0.249817
201 0.500244 0.020879 0.996582 0.041758
201 0.500000 0.345788 1.000000 0.049817
163 0.818848 0.915018 0.054688 0.165568
201 0.500000 0.850549 1.000000 0.055678
201 0.501221 0.499267 0.997559 0.053480
201 0.500000 0.631868 1.000000 0.047619
26 0.130859 0.952381 0.040039 0.092308
24 0.559326 0.971429 0.059082 0.055678
201 0.893555 0.416117 0.206055 0.045421
201 0.500977 0.183150 0.996094 0.049817
201 0.498535 0.086081 0.997070 0.056410
184 0.819092 0.522344 0.052246 0.243223
201 0.500000 0.172161 1.000000 0.051282
