26 0.136963 0.608569 0.058105 0.072622
24 0.135498 0.716049 0.058105 0.072622
26 0.576416 0.608569 0.058105 0.072622
26 0.584717 0.679739 0.058105 0.072622
40 0.205566 0.608932 0.023438 0.034132
40 0.211914 0.715686 0.023438 0.034132
40 0.661133 0.608932 0.023438 0.034132
40 0.664551 0.679375 0.023438 0.034132
63 0.051758 0.716049 0.048828 0.201888
199 0.378662 0.076616 0.122559 0.153232
199 0.825439 0.077705 0.124512 0.155410
26 0.461182 0.090414 0.062988 0.083515
30 0.148682 0.961147 0.067871 0.073348
26 0.130859 0.098039 0.064453 0.085694
93 0.080566 0.250908 0.079102 0.134350
93 0.141113 0.848584 0.083984 0.131445
26 0.914062 0.091503 0.068359 0.091503
73 0.589600 0.180828 0.016113 0.024691
73 0.247559 0.012709 0.020508 0.025418
73 0.128418 0.167756 0.015625 0.024691
73 0.703857 0.026144 0.017090 0.027596
93 0.075684 0.849310 0.088867 0.129993
26 0.584473 0.086783 0.066406 0.099492
201 0.588623 0.859114 0.819824 0.079884
116 0.591064 0.327524 0.048340 0.095861
93 0.139893 0.251997 0.072754 0.137981
24 0.626953 0.403413 0.035156 0.061728
94 0.077148 0.846768 0.088867 0.133624
117 0.592041 0.329339 0.046387 0.100944
201 0.538818 0.630356 0.915527 0.056645
