24 0.133109 0.568571 0.072827 0.071429
24 0.139841 0.642857 0.072827 0.071429
26 0.348531 0.461429 0.072827 0.071429
26 0.361995 0.532857 0.072827 0.071429
24 0.559058 0.497143 0.072827 0.071429
24 0.560894 0.568571 0.072827 0.071429
24 0.817931 0.568571 0.072827 0.071429
24 0.814259 0.642857 0.072827 0.071429
63 0.485924 0.533214 0.061200 0.199286
63 0.056916 0.643214 0.061200 0.199286
61 0.220624 0.568214 0.041004 0.193571
61 0.294064 0.496786 0.041004 0.193571
95 0.071603 0.786071 0.143207 0.209286
24 0.561506 0.907857 0.085067 0.078571
26 0.354039 0.871071 0.080171 0.077857
95 0.102203 0.177143 0.168911 0.182857
24 0.818237 0.970714 0.084455 0.058571
24 0.141983 0.970357 0.090575 0.059286
200 0.726438 0.333929 0.264382 0.076429
199 0.709302 0.880714 0.199510 0.094286
171 0.277540 0.869643 0.047124 0.252143
26 0.555998 0.031786 0.080171 0.062143
171 0.219400 0.926071 0.052020 0.147857
26 0.331089 0.029643 0.078335 0.059286
173 0.048960 0.977857 0.079559 0.044286
200 0.278458 0.311786 0.221542 0.083571
201 0.258874 0.793214 0.144431 0.052143
26 0.435129 0.028929 0.077111 0.057857
26 0.355875 0.943929 0.074051 0.077857
1 0.359547 0.909286 0.110771 0.012857
24 0.561506 0.968929 0.082619 0.056429
109 0.477968 0.908929 0.075887 0.182143
1 0.888005 0.586071 0.221542 0.013571
95 0.169217 0.176429 0.149939 0.170000
1 0.932987 0.585714 0.132803 0.014286
