26 0.343750 0.679325 0.039062 0.071730
24 0.447266 0.537975 0.039062 0.071730
24 0.534180 0.643460 0.039062 0.071730
24 0.619141 0.537975 0.039062 0.071730
24 0.699707 0.643460 0.039062 0.071730
26 0.794434 0.503165 0.039062 0.071730
24 0.877930 0.679325 0.039062 0.071730
26 0.941406 0.503165 0.039062 0.071730
59 0.749512 0.503165 0.030273 0.177215
69 0.212158 0.358122 0.038574 0.188819
142 0.118652 0.428270 0.096680 0.312236
120 0.606689 0.771624 0.686035 0.150844
199 0.499268 0.052215 0.377441 0.104430
141 0.122803 0.048523 0.068848 0.097046
172 0.214111 0.943038 0.038574 0.113924
109 0.724365 0.917194 0.027832 0.155063
143 0.112793 0.950949 0.111328 0.098101
1 0.341064 0.600211 0.064941 0.021097
171 0.583252 0.044304 0.029785 0.088608
1 0.982910 0.531118 0.016602 0.017932
200 0.498779 0.054852 0.376465 0.109705
24 0.888184 0.293249 0.024414 0.035865
1 0.985107 0.460443 0.028809 0.013713
