24 0.175137 0.213467 0.059292 0.071633
26 0.533881 0.249284 0.059292 0.071633
24 0.709268 0.285100 0.059292 0.071633
40 0.252118 0.213109 0.023916 0.033668
40 0.789736 0.284742 0.023916 0.033668
59 0.091679 0.213825 0.045840 0.178367
59 0.458894 0.249642 0.045840 0.178367
59 0.624315 0.285458 0.045840 0.178367
95 0.113602 0.606375 0.116592 0.209885
95 0.185351 0.606375 0.116592 0.209885
120 0.353264 0.114255 0.365720 0.108166
120 0.849028 0.162249 0.282013 0.136819
72 0.542352 0.164398 0.033383 0.040831
170 0.793224 0.895415 0.047833 0.179083
170 0.280767 0.821991 0.045341 0.184097
170 0.626308 0.858166 0.045840 0.180516
24 0.861236 0.930516 0.065272 0.084527
26 0.173393 0.819126 0.062780 0.079513
26 0.704534 0.893983 0.062780 0.083095
95 0.108371 0.061963 0.095167 0.123926
95 0.164923 0.063754 0.105630 0.127507
24 0.356502 0.863539 0.057299 0.078080
26 0.357250 0.858883 0.063777 0.081662
1 0.169656 0.292980 0.094170 0.025788
1 0.168909 0.859599 0.099651 0.030086
182 0.473592 0.442693 0.064275 0.047278
