26 0.418701 0.391132 0.052246 0.071259
26 0.418701 0.462391 0.052246 0.071259
26 0.602295 0.320665 0.052246 0.071259
26 0.605713 0.391132 0.052246 0.071259
26 0.714111 0.320665 0.052246 0.071259
26 0.707764 0.391132 0.052246 0.071259
24 0.876221 0.425970 0.052246 0.071259
24 0.874756 0.498812 0.052246 0.071259
63 0.804688 0.498416 0.043945 0.198733
69 0.214111 0.425970 0.051270 0.188440
8 0.096680 0.462787 0.147461 0.295329
40 0.485596 0.391132 0.020996 0.033254
40 0.478760 0.462391 0.020996 0.033254
70 0.428223 0.287015 0.098633 0.092637
72 0.611084 0.235550 0.026855 0.032462
72 0.719482 0.238321 0.029785 0.038005
72 0.878174 0.325020 0.036621 0.048298
73 0.881104 0.052257 0.014160 0.022169
200 0.764893 0.675376 0.164551 0.096595
182 0.614502 0.910926 0.053223 0.041964
71 0.438477 0.063341 0.072266 0.052257
141 0.105957 0.855503 0.110352 0.288994
