30 0.146842 0.536838 0.062105 0.070815
63 0.069737 0.536481 0.052105 0.197425
94 0.055263 0.713877 0.108421 0.113019
93 0.150000 0.713877 0.101053 0.153076
122 0.576842 0.678469 0.820000 0.145207
24 0.146316 0.876967 0.070526 0.084406
94 0.072895 0.199928 0.100526 0.090844
30 0.148158 0.092275 0.073158 0.080114
172 0.066053 0.880901 0.054211 0.203863
93 0.143421 0.217454 0.095263 0.137339
199 0.572632 0.196352 0.853684 0.112303
26 0.990526 0.021817 0.018947 0.043634
1 0.147632 0.881617 0.113158 0.020744
199 0.500000 0.033262 1.000000 0.066524
28 0.666842 0.032546 0.073684 0.065093
93 0.072105 0.199571 0.097895 0.090129
26 0.990263 0.030758 0.019474 0.061516
185 0.666053 0.031831 0.071053 0.063662
