30 0.349680 0.463162 0.125800 0.070815
93 0.195096 0.749642 0.204691 0.153076
93 0.357143 0.749642 0.204691 0.153076
122 0.683902 0.339771 0.589552 0.123033
171 0.095949 0.089056 0.091684 0.178112
93 0.078358 0.276824 0.124733 0.130186
30 0.375800 0.062947 0.152452 0.080114
93 0.252132 0.275751 0.156716 0.129471
93 0.131130 0.266810 0.127932 0.108727
30 0.242004 0.017883 0.155650 0.035765
93 0.108209 0.276824 0.180171 0.130186
30 0.235075 0.036481 0.143923 0.060086
1 0.378998 0.096924 0.242004 0.015021
30 0.375267 0.049714 0.157783 0.070815
199 0.564499 0.122318 0.864606 0.170243
