26 0.123535 0.753585 0.056641 0.073208
26 0.220215 0.680377 0.056641 0.073208
24 0.317383 0.570943 0.056641 0.073208
24 0.412598 0.570943 0.056641 0.073208
26 0.567383 0.680377 0.056641 0.073208
24 0.701172 0.570943 0.056641 0.073208
24 0.801270 0.496981 0.056641 0.073208
24 0.901367 0.496981 0.056641 0.073208
63 0.061768 0.753585 0.047363 0.204528
120 0.243896 0.740377 0.250488 0.294340
120 0.701904 0.637358 0.238770 0.242264
73 0.419189 0.677358 0.026855 0.044528
73 0.908203 0.609057 0.023438 0.051321
24 0.230957 0.052075 0.176758 0.104151
24 0.129639 0.038491 0.062988 0.076981
200 0.762695 0.284528 0.322266 0.054340
201 0.664551 0.010566 0.133789 0.021132
173 0.057129 0.072830 0.050781 0.145660
70 0.133789 0.981887 0.065430 0.036226
172 0.056885 0.073208 0.050293 0.146415
70 0.575195 0.981509 0.061523 0.036981
185 0.056396 0.073208 0.050293 0.146415
