26 0.871582 0.716617 0.056641 0.072700
26 0.768066 0.716617 0.056641 0.072700
24 0.146973 0.680267 0.056641 0.072700
24 0.257324 0.680267 0.056641 0.072700
24 0.354004 0.680267 0.056641 0.072700
24 0.447266 0.680267 0.056641 0.072700
24 0.572754 0.680267 0.056641 0.072700
24 0.664551 0.680267 0.056641 0.072700
95 0.110596 0.824926 0.111816 0.212166
194 0.179443 0.863872 0.045410 0.098665
24 0.769043 0.044881 0.069336 0.086795
199 0.635010 0.129822 0.184082 0.178042
95 0.107910 0.191766 0.103516 0.180267
72 0.552734 0.011869 0.016602 0.023739
72 0.452637 0.014095 0.018555 0.028190
159 0.222412 0.023368 0.021973 0.045252
26 0.145752 0.029303 0.065918 0.055638
73 0.767334 0.158754 0.020020 0.028190
200 0.748291 0.464763 0.322754 0.049703
73 0.749756 0.196588 0.024902 0.017804
1 0.396240 0.683234 0.191895 0.016320
1 0.937256 0.675074 0.124512 0.014837
200 0.747803 0.947329 0.317871 0.029674
24 0.214844 0.491098 0.038086 0.059347
200 0.750000 0.518917 0.324219 0.058605
