30 0.118582 0.234605 0.072127 0.066265
84 0.485636 0.635542 0.069071 0.039491
122 0.571822 0.122490 0.839242 0.116466
122 0.055929 0.150937 0.105746 0.071620
182 0.489914 0.985944 0.078851 0.025435
201 0.494804 0.892570 0.988386 0.051539
1 0.112775 0.329317 0.130196 0.013387
201 0.494499 0.589357 0.988998 0.052878
201 0.497555 0.655957 0.992665 0.054886
201 0.496027 0.497323 0.992054 0.088353
201 0.500917 0.577309 0.996944 0.067604
201 0.495416 0.513387 0.985941 0.068273
1 0.957824 0.463855 0.074572 0.014726
201 0.499389 0.429719 0.996333 0.074967
26 0.990831 0.493641 0.018337 0.058233
1 0.966381 0.530790 0.064792 0.018742
201 0.500917 0.383534 0.998166 0.069612
