84 0.490694 0.428981 0.057847 0.043042
200 0.127515 0.836442 0.090040 0.055954
201 0.500000 0.353659 1.000000 0.031564
201 0.797787 0.874103 0.404427 0.040890
202 0.501258 0.497489 0.997485 0.036585
200 0.674547 0.944763 0.153924 0.048780
24 0.181087 0.989957 0.022133 0.020086
202 0.500503 0.645265 0.996982 0.046628
24 0.120221 0.991033 0.031187 0.017934
200 0.671529 0.909613 0.145875 0.031564
201 0.500000 0.496055 1.000000 0.032281
200 0.353873 0.889527 0.447183 0.037303
24 0.809608 0.987446 0.041751 0.025108
201 0.644618 0.875179 0.710765 0.043042
201 0.500252 0.027977 0.995473 0.037303
200 0.060362 0.889527 0.120724 0.024390
200 0.109155 0.861908 0.052314 0.027977
201 0.500000 0.096126 1.000000 0.038737
