5 0.200113 0.482412 0.160543 0.535535
67 0.400509 0.321249 0.067270 0.198851
67 0.350198 0.446159 0.067270 0.198851
30 0.582815 0.250179 0.066704 0.071070
30 0.592425 0.401651 0.066704 0.071070
122 0.510175 0.148241 0.145280 0.068198
122 0.495760 0.510050 0.153759 0.091170
122 0.786320 0.131371 0.381006 0.089017
122 0.778971 0.511127 0.399096 0.080402
30 0.587620 0.841350 0.077445 0.081838
201 0.814867 0.743360 0.366874 0.049533
201 0.509045 0.749462 0.119276 0.043073
14 0.371679 0.926059 0.066139 0.146447
184 0.586207 0.932520 0.076880 0.134961
201 0.544658 0.322685 0.910684 0.083991
30 0.590447 0.929648 0.077445 0.076095
1 0.384963 0.959799 0.113058 0.014358
201 0.744488 0.324838 0.509893 0.078248
201 0.709158 0.907753 0.581685 0.092606
201 0.534200 0.404164 0.931600 0.074659
