30 0.642409 0.233333 0.067922 0.066667
63 0.557648 0.233667 0.057078 0.186000
69 0.407820 0.400333 0.066781 0.176667
5 0.242295 0.500000 0.163813 0.502667
95 0.522260 0.700333 0.133562 0.195333
95 0.604452 0.733667 0.133562 0.195333
194 0.671233 0.727333 0.057078 0.097333
122 0.823916 0.137667 0.338470 0.107333
136 0.030537 0.687667 0.061073 0.624667
141 0.259132 0.935667 0.139269 0.127333
19 0.409817 0.947667 0.066210 0.099333
30 0.636130 0.901000 0.079338 0.079333
199 0.812215 0.805667 0.373288 0.091333
1 0.638128 0.938000 0.116438 0.017333
1 0.642409 0.335667 0.109018 0.022000
185 0.409817 0.948333 0.066210 0.098000
94 0.409247 0.948667 0.066210 0.100000
