26 0.343506 0.536717 0.038574 0.071274
24 0.450439 0.467603 0.038574 0.071274
26 0.527100 0.500000 0.038574 0.071274
26 0.625732 0.573434 0.038574 0.071274
24 0.696045 0.536717 0.038574 0.071274
59 0.405518 0.468683 0.029785 0.179266
61 0.584473 0.607991 0.021484 0.194384
69 0.227051 0.356371 0.038086 0.190065
5 0.130615 0.468143 0.093262 0.541037
120 0.509277 0.664687 0.367188 0.169546
70 0.703613 0.258639 0.068359 0.111231
136 0.015381 0.340173 0.030762 0.680346
200 0.842773 0.887689 0.250000 0.023758
171 0.332764 0.031857 0.017090 0.063715
171 0.333496 0.030238 0.023438 0.060475
141 0.128174 0.070734 0.084473 0.141469
200 0.511475 0.244600 0.277832 0.018359
69 0.217773 0.939525 0.040039 0.120950
