26 0.143311 0.500000 0.049316 0.066771
24 0.602295 0.467007 0.049316 0.066771
87 0.367432 0.466222 0.041504 0.113904
87 0.828369 0.466222 0.041504 0.113904
63 0.074951 0.500000 0.041504 0.186174
166 0.594482 0.608013 0.040527 0.161822
182 0.150391 0.023174 0.051758 0.041634
166 0.600098 0.095051 0.044922 0.182247
162 0.197266 0.371956 0.041992 0.189317
72 0.174072 0.260408 0.009277 0.022781
72 0.604248 0.395522 0.012207 0.016496
166 0.613525 0.093873 0.019043 0.184603
163 0.195801 0.372349 0.047852 0.183818
