24 0.131836 0.490658 0.045898 0.070285
26 0.500977 0.252224 0.045898 0.070285
26 0.864746 0.252224 0.045898 0.070285
40 0.557617 0.216637 0.018555 0.032918
87 0.335693 0.490658 0.038574 0.120107
95 0.448975 0.713078 0.090332 0.205516
194 0.500000 0.760676 0.054688 0.115658
159 0.564453 0.947064 0.017578 0.032918
95 0.076904 0.173488 0.099121 0.190391
171 0.063965 0.521352 0.034180 0.254448
166 0.130127 0.642794 0.050293 0.235765
26 0.500244 0.930605 0.053223 0.076512
26 0.865479 0.936388 0.052246 0.082740
24 0.865723 0.935053 0.052734 0.078292
182 0.163818 0.028470 0.117676 0.051601
32 0.498291 0.978648 0.080566 0.028470
182 0.659424 0.036477 0.378418 0.044484
