24 0.163825 0.214667 0.066991 0.061333
26 0.829476 0.276667 0.066991 0.061333
63 0.745128 0.276667 0.056638 0.172000
87 0.642509 0.550000 0.056029 0.105333
26 0.159562 0.851000 0.076736 0.064667
24 0.828563 0.883667 0.073691 0.068667
24 0.829172 0.944667 0.072473 0.064000
26 0.164434 0.916000 0.070646 0.062667
166 0.826127 0.457333 0.063946 0.192000
1 0.158343 0.309667 0.110840 0.016667
201 0.500914 0.869000 0.992083 0.050000
201 0.502132 0.925000 0.992083 0.054000
173 0.630633 0.969333 0.062728 0.049333
201 0.499695 0.686667 0.999391 0.053333
201 0.500305 0.410333 0.999391 0.064667
172 0.753045 0.927667 0.059074 0.144667
1 0.163216 0.370333 0.115713 0.019333
201 0.498173 0.469000 0.996346 0.066000
201 0.500609 0.567667 0.998782 0.075333
171 0.753350 0.928000 0.059683 0.144000
159 0.226248 0.929667 0.016443 0.019333
201 0.670219 0.940667 0.140682 0.020000
1 0.828563 0.319000 0.116322 0.018000
