26 0.590468 0.465714 0.067922 0.071429
24 0.750856 0.502857 0.067922 0.071429
40 0.829909 0.465357 0.027397 0.033571
69 0.384418 0.428929 0.066781 0.189286
8 0.185217 0.465714 0.191210 0.295714
197 0.605594 0.834643 0.113014 0.142143
159 0.841895 0.043214 0.027397 0.032143
166 0.597032 0.186786 0.060502 0.210714
166 0.589326 0.613571 0.061073 0.240000
136 0.007705 0.330357 0.015411 0.660714
26 0.598174 0.048214 0.075342 0.073571
26 0.750285 0.048571 0.073630 0.067143
201 0.539954 0.951071 0.920091 0.092143
24 0.597032 0.047857 0.077626 0.072857
