30 0.349374 0.393266 0.117421 0.073066
30 0.335900 0.466332 0.117421 0.073066
59 0.163619 0.393266 0.090472 0.181948
70 0.356593 0.295129 0.174206 0.078797
95 0.195861 0.753223 0.230029 0.214183
95 0.330606 0.753223 0.230029 0.214183
122 0.673244 0.288682 0.628489 0.133238
122 0.639557 0.579513 0.690087 0.134670
95 0.084216 0.246060 0.168431 0.172636
95 0.167469 0.270415 0.225217 0.228510
30 0.319538 0.965616 0.144370 0.068768
95 0.166506 0.238897 0.229066 0.159742
30 0.333013 0.019699 0.138595 0.039398
95 0.106833 0.248567 0.130895 0.179083
