30 0.070312 0.538519 0.055664 0.071803
30 0.070312 0.608826 0.055664 0.071803
40 0.165039 0.538893 0.022461 0.033657
40 0.162109 0.609200 0.022461 0.033657
125 0.711182 0.715782 0.480957 0.148093
95 0.054688 0.750187 0.109375 0.209424
194 0.115967 0.763276 0.062012 0.105460
26 0.419678 0.046746 0.065918 0.075542
26 0.531982 0.056844 0.064941 0.083770
26 0.080566 0.048242 0.066406 0.078534
26 0.861816 0.048616 0.064453 0.080778
199 0.338867 0.043007 0.084961 0.086013
199 0.778564 0.044129 0.083496 0.088257
95 0.060303 0.219521 0.118652 0.171279
200 0.406982 0.927823 0.648926 0.144353
73 0.082520 0.114435 0.016602 0.028422
73 0.535156 0.128272 0.017578 0.026178
1 0.867188 0.008227 0.098633 0.016455
1 0.087646 0.008975 0.102051 0.017951
200 0.704590 0.223635 0.425781 0.061331
1 0.424072 0.008227 0.093262 0.016455
97 0.096436 0.242334 0.066895 0.127150
199 0.405518 0.928571 0.648926 0.142857
