30 0.150635 0.320879 0.057129 0.071795
122 0.581787 0.217949 0.819824 0.079853
93 0.072021 0.715018 0.093262 0.155311
93 0.138916 0.750916 0.093262 0.155311
26 0.579102 0.029304 0.066406 0.058608
159 0.211914 0.042491 0.022461 0.032234
24 0.136230 0.057143 0.068359 0.082051
93 0.138428 0.194505 0.078613 0.132601
159 0.663086 0.020513 0.022461 0.029304
199 0.368896 0.919048 0.442871 0.101832
93 0.078613 0.197070 0.091797 0.131868
199 0.573975 0.913553 0.852051 0.120147
199 0.575439 0.887179 0.849121 0.165568
201 0.374268 0.943956 0.446777 0.065201
