24 0.190463 0.334667 0.063039 0.065333
26 0.451239 0.236667 0.063039 0.065333
26 0.609644 0.236667 0.063039 0.065333
24 0.763200 0.334667 0.063039 0.065333
59 0.088362 0.269333 0.048491 0.162667
59 0.360453 0.171333 0.048491 0.162667
95 0.121767 0.731667 0.123922 0.191333
120 0.718481 0.139333 0.205280 0.146667
120 0.282866 0.134333 0.288793 0.190000
70 0.185075 0.125000 0.086746 0.068667
72 0.446659 0.110333 0.024784 0.043333
72 0.616110 0.129333 0.019935 0.026667
72 0.767780 0.244000 0.033405 0.037333
194 0.164332 0.757000 0.058190 0.088667
40 0.280981 0.302000 0.025323 0.030667
199 0.322198 0.878000 0.257543 0.074667
199 0.674838 0.860333 0.160022 0.078000
70 0.191272 0.846000 0.095905 0.065333
24 0.761584 0.972000 0.077047 0.056000
72 0.766433 0.902000 0.015625 0.021333
24 0.176994 0.971667 0.075970 0.056667
72 0.601293 0.945333 0.017241 0.026667
200 0.283405 0.535333 0.259698 0.062667
200 0.649515 0.532333 0.170797 0.071333
1 0.438847 0.323333 0.106142 0.014667
115 0.352640 0.966333 0.028556 0.064667
159 0.261584 0.949667 0.025323 0.030000
73 0.448006 0.952333 0.021013 0.028667
1 0.596444 0.322667 0.112069 0.021333
72 0.448006 0.946000 0.021013 0.028000
