26 0.155388 0.321249 0.059148 0.071070
26 0.323810 0.388729 0.059148 0.071070
26 0.462657 0.321249 0.059148 0.071070
26 0.595990 0.321249 0.059148 0.071070
26 0.734336 0.388729 0.059148 0.071070
26 0.879699 0.321249 0.059148 0.071070
59 0.066416 0.285714 0.045614 0.176597
59 0.236842 0.356784 0.045614 0.176597
122 0.528571 0.219670 0.212030 0.100503
122 0.929825 0.212850 0.123308 0.134243
112 0.280451 0.727925 0.089724 0.122039
112 0.713784 0.730438 0.078195 0.112706
162 0.658145 0.896985 0.059148 0.206030
162 0.224060 0.887653 0.067168 0.224695
170 0.095489 0.960876 0.060652 0.078248
185 0.391980 0.969849 0.059148 0.060302
186 0.391980 0.968055 0.059148 0.063891
