26 0.163574 0.320425 0.055664 0.072893
26 0.158691 0.393318 0.055664 0.072893
26 0.621094 0.320425 0.055664 0.072893
26 0.622559 0.393318 0.055664 0.072893
59 0.038574 0.356872 0.042969 0.180714
59 0.090332 0.320425 0.042969 0.180714
87 0.433838 0.501519 0.046387 0.123766
87 0.812744 0.501519 0.046387 0.123766
172 0.079590 0.865604 0.047852 0.201974
24 0.626465 0.862566 0.058594 0.075930
24 0.148193 0.866363 0.061035 0.075930
24 0.147461 0.943052 0.060547 0.091116
24 0.625977 0.942673 0.055664 0.090357
166 0.619629 0.523538 0.045898 0.204252
166 0.155762 0.535687 0.041016 0.213364
166 0.160156 0.529233 0.031250 0.192863
185 0.817383 0.967730 0.045898 0.058466
