26 0.138916 0.321182 0.054199 0.071374
26 0.589600 0.249808 0.054199 0.071374
59 0.068359 0.285111 0.041992 0.177283
93 0.087158 0.463162 0.088379 0.154259
93 0.155518 0.463162 0.088379 0.154259
84 0.507324 0.608596 0.051758 0.042978
120 0.581055 0.135073 0.821289 0.155027
170 0.073242 0.914428 0.044922 0.171144
24 0.590088 0.956639 0.062988 0.085188
24 0.139160 0.956255 0.061523 0.087490
170 0.528320 0.920952 0.039062 0.158097
171 0.527832 0.920568 0.040039 0.158864
1 0.592285 0.956255 0.089844 0.019954
1 0.145264 0.955487 0.088379 0.018419
200 0.584473 0.807751 0.831055 0.157329
199 0.500488 0.303530 0.999023 0.178818
