26 0.128174 0.394656 0.054199 0.071756
26 0.243408 0.394656 0.054199 0.071756
26 0.343506 0.394656 0.054199 0.071756
26 0.450439 0.394656 0.054199 0.071756
26 0.550537 0.394656 0.054199 0.071756
26 0.670654 0.394656 0.054199 0.071756
24 0.772705 0.431298 0.054199 0.071756
95 0.090088 0.749618 0.106934 0.209160
194 0.152832 0.777863 0.058594 0.099237
24 0.876221 0.431298 0.054199 0.071756
95 0.102539 0.119084 0.108398 0.192366
24 0.817871 0.635878 0.076172 0.045802
1 0.832031 0.419847 0.176758 0.013740
