26 0.603913 0.320917 0.060467 0.071633
26 0.817835 0.320917 0.060467 0.071633
26 0.917937 0.320917 0.060467 0.071633
86 0.130081 0.497135 0.055894 0.214900
95 0.557419 0.715258 0.118902 0.209885
95 0.946138 0.785817 0.107724 0.170487
95 0.541667 0.103868 0.118902 0.183381
95 0.975610 0.788324 0.048780 0.171203
16 0.009909 0.397923 0.019817 0.088109
16 0.008130 0.470272 0.016260 0.076648
201 0.501016 0.395057 0.997967 0.095272
16 0.009146 0.545129 0.018293 0.104585
1 0.784553 0.353510 0.159553 0.019341
