24 0.135209 0.714286 0.059263 0.071429
24 0.235309 0.642857 0.059263 0.071429
26 0.328436 0.534286 0.059263 0.071429
26 0.445468 0.534286 0.059263 0.071429
24 0.597361 0.642857 0.059263 0.071429
26 0.699452 0.534286 0.059263 0.071429
26 0.806026 0.461429 0.059263 0.071429
26 0.901145 0.461429 0.059263 0.071429
63 0.060259 0.750357 0.049801 0.199286
120 0.249502 0.697857 0.249004 0.227143
120 0.704432 0.626071 0.250498 0.213571
73 0.448207 0.607143 0.044821 0.045714
73 0.909861 0.542500 0.026892 0.016429
24 0.337151 0.037143 0.066733 0.074286
26 0.597610 0.072500 0.065737 0.077857
200 0.704930 0.159286 0.250498 0.280000
172 0.512450 0.082857 0.057769 0.165714
200 0.769920 0.971786 0.329681 0.056429
26 0.133964 0.017500 0.064741 0.035000
171 0.746265 0.077857 0.039343 0.155714
200 0.742032 0.161071 0.180279 0.286429
109 0.512948 0.083929 0.057769 0.167857
200 0.319223 0.327857 0.308765 0.072857
200 0.888446 0.315714 0.088645 0.041429
34 0.133715 0.017143 0.065239 0.034286
200 0.779382 0.276071 0.298805 0.072143
72 0.922809 0.226786 0.020916 0.025000
199 0.488546 0.178214 0.945219 0.232143
