24 0.088135 0.715481 0.050293 0.071967
24 0.203369 0.643515 0.050293 0.071967
26 0.315186 0.534728 0.050293 0.071967
26 0.432373 0.534728 0.050293 0.071967
24 0.567139 0.643515 0.050293 0.071967
26 0.680908 0.534728 0.050293 0.071967
26 0.792725 0.463598 0.050293 0.071967
26 0.899658 0.463598 0.050293 0.071967
120 0.217773 0.709623 0.195312 0.194142
120 0.703613 0.609205 0.205078 0.234310
73 0.429932 0.607950 0.024902 0.042678
73 0.903320 0.533891 0.033203 0.048536
26 0.090332 0.102510 0.054688 0.084519
26 0.564209 0.034728 0.056152 0.069456
26 0.560791 0.975314 0.053223 0.049372
26 0.203613 0.034310 0.053711 0.068619
200 0.761230 0.252720 0.326172 0.063598
71 0.097656 0.906276 0.075195 0.068619
200 0.284180 0.312134 0.333008 0.066946
73 0.435303 0.037238 0.014160 0.024268
200 0.766357 0.314226 0.316895 0.086192
200 0.219971 0.084100 0.201660 0.163180
1 0.403564 0.565272 0.117676 0.022594
199 0.709229 0.050628 0.222168 0.099582
