26 0.090088 0.432137 0.050293 0.067083
26 0.792725 0.432137 0.050293 0.067083
26 0.903076 0.432137 0.050293 0.067083
87 0.562500 0.432917 0.041992 0.115445
199 0.667236 0.912246 0.194824 0.139626
170 0.037598 0.921607 0.039062 0.156786
26 0.095215 0.953198 0.054688 0.078003
24 0.795898 0.929797 0.051758 0.076443
200 0.651123 0.148986 0.223145 0.120125
199 0.222656 0.895476 0.208008 0.099844
24 0.328369 0.983229 0.058105 0.031981
170 0.257324 0.937598 0.041016 0.121685
182 0.791016 0.021841 0.054688 0.043682
182 0.820068 0.637676 0.114746 0.047582
1 0.791992 0.992980 0.088867 0.010920
1 0.791260 0.930967 0.089355 0.016381
1 0.095215 0.991810 0.081055 0.013261
199 0.500000 0.039782 1.000000 0.079563
