26 0.185084 0.463162 0.064235 0.070815
26 0.757757 0.463162 0.064235 0.070815
26 0.903103 0.463162 0.064235 0.070815
87 0.593087 0.498212 0.053892 0.120887
170 0.099619 0.925608 0.054437 0.148784
162 0.826347 0.881259 0.056614 0.223176
166 0.767556 0.062589 0.054437 0.125179
162 0.241971 0.874821 0.050626 0.221745
26 0.762384 0.969242 0.071312 0.061516
182 0.179369 0.971745 0.073489 0.052217
201 0.882689 0.028612 0.230267 0.057225
200 0.795863 0.687768 0.132825 0.040773
201 0.500000 0.035765 0.996734 0.071531
201 0.500000 0.312947 1.000000 0.115165
26 0.179096 0.971388 0.074034 0.051502
138 0.043005 0.983190 0.017420 0.033619
1 0.935220 0.422031 0.129559 0.022890
185 0.347850 0.969599 0.059880 0.060801
24 0.762929 0.968526 0.071312 0.062947
201 0.507621 0.841202 0.980403 0.097282
