24 0.131796 0.575465 0.065898 0.072246
26 0.263591 0.609084 0.065898 0.072246
26 0.377265 0.609084 0.065898 0.072246
40 0.462383 0.609084 0.026359 0.033619
120 0.184514 0.674177 0.141680 0.095136
125 0.275398 0.768598 0.470621 0.089413
75 0.383855 0.680615 0.080176 0.035050
200 0.298737 0.942060 0.265788 0.115880
200 0.715541 0.944921 0.204283 0.110157
200 0.279517 0.173104 0.456892 0.060086
200 0.492037 0.886981 0.644701 0.174535
200 0.232565 0.347282 0.125755 0.050787
199 0.177650 0.043276 0.108182 0.055079
200 0.232015 0.369099 0.123558 0.047210
199 0.494783 0.888054 0.638111 0.183834
200 0.232290 0.359442 0.123009 0.069385
75 0.382482 0.058298 0.064250 0.020744
200 0.232015 0.418455 0.124657 0.064378
199 0.508237 0.057225 0.983526 0.114449
182 0.383306 0.012160 0.062603 0.024320
199 0.500549 0.306867 0.997803 0.147353
