26 0.084717 0.750910 0.057129 0.071377
24 0.198486 0.574654 0.057129 0.071377
24 0.317139 0.574654 0.057129 0.071377
26 0.432373 0.750910 0.057129 0.071377
26 0.550537 0.750910 0.057129 0.071377
24 0.670654 0.574654 0.057129 0.071377
24 0.772705 0.574654 0.057129 0.071377
26 0.891357 0.750910 0.057129 0.071377
120 0.346436 0.702112 0.142090 0.199563
120 0.807861 0.718500 0.146973 0.187181
73 0.085205 0.809177 0.033691 0.034960
73 0.201904 0.667516 0.036621 0.044428
73 0.546875 0.801894 0.028320 0.045157
73 0.670410 0.661326 0.035156 0.042243
1 0.091309 0.694465 0.109375 0.013838
1 0.554932 0.692280 0.099121 0.018208
199 0.472412 0.072105 0.807129 0.117990
1 0.895264 0.691551 0.093262 0.018208
1 0.437500 0.694101 0.106445 0.014567
1 0.093018 0.696286 0.104980 0.020393
1 0.284668 0.561544 0.159180 0.020393
1 0.437744 0.694465 0.102051 0.022578
200 0.749512 0.318645 0.351562 0.019665
200 0.746338 0.339403 0.336426 0.032047
200 0.287842 0.324472 0.358887 0.022578
93 0.293213 0.866715 0.058105 0.093227
