24 0.204819 0.264352 0.081660 0.068091
26 0.844712 0.363818 0.081660 0.068091
40 0.301539 0.230307 0.032798 0.032043
84 0.510040 0.599132 0.077644 0.040721
125 0.527108 0.655207 0.723561 0.087450
122 0.095382 0.198598 0.157296 0.062083
120 0.425368 0.161215 0.823963 0.140854
24 0.839692 0.965955 0.093039 0.066756
26 0.205823 0.883845 0.094378 0.077437
162 0.919679 0.886515 0.077644 0.225634
159 0.311245 0.875167 0.033467 0.030708
162 0.918675 0.285714 0.072959 0.222964
199 0.422021 0.798398 0.841365 0.161549
1 0.204150 0.915220 0.149933 0.016021
200 0.424029 0.798064 0.836011 0.160881
163 0.919344 0.283712 0.072959 0.220294
199 0.124833 0.839119 0.249665 0.138852
1 0.204150 0.980641 0.139224 0.017356
1 0.972892 0.327103 0.051539 0.012016
