24 0.684814 0.265514 0.038574 0.067141
24 0.868408 0.265514 0.038574 0.067141
24 0.936768 0.265514 0.038574 0.067141
86 0.352051 0.500509 0.035156 0.201424
69 0.218994 0.400305 0.037598 0.178026
5 0.135010 0.534079 0.092285 0.506612
95 0.656494 0.733978 0.075684 0.196338
141 0.139893 0.934385 0.078613 0.131231
70 0.370850 0.944049 0.052246 0.052899
1 0.938232 0.331638 0.067871 0.014242
1 0.688477 0.326043 0.066406 0.019329
200 0.749512 0.935402 0.083008 0.033571
1 0.859863 0.332655 0.066406 0.014242
200 0.748291 0.940997 0.083496 0.048830
1 0.860596 0.329095 0.065918 0.019329
200 0.796875 0.521872 0.245117 0.032553
14 0.221680 0.949135 0.034180 0.099695
