24 0.132080 0.356710 0.049316 0.072727
26 0.135498 0.533333 0.049316 0.072727
24 0.524658 0.356710 0.049316 0.072727
24 0.631104 0.356710 0.049316 0.072727
26 0.524658 0.533333 0.049316 0.072727
26 0.637939 0.533333 0.049316 0.072727
87 0.741211 0.497403 0.041016 0.125541
95 0.048340 0.789610 0.096680 0.214719
194 0.054199 0.821212 0.038086 0.097835
95 0.076904 0.174459 0.084473 0.158442
26 0.870117 0.929437 0.054688 0.070130
26 0.747314 0.926407 0.054199 0.067532
26 0.522949 0.925541 0.054688 0.076190
26 0.636230 0.932900 0.054688 0.073593
26 0.127930 0.932035 0.053711 0.075325
182 0.637207 0.983117 0.056641 0.033766
26 0.240479 0.935498 0.055176 0.071861
182 0.240234 0.985281 0.057617 0.029437
182 0.870361 0.980087 0.057129 0.036364
182 0.748779 0.979654 0.059082 0.037229
24 0.127930 0.934199 0.054688 0.077922
95 0.979004 0.878788 0.041992 0.237229
182 0.522217 0.981385 0.058105 0.035498
97 0.117676 0.201299 0.036133 0.082251
1 0.045898 0.643290 0.090820 0.020779
