24 0.343918 0.497225 0.038105 0.073252
24 0.614558 0.497225 0.038105 0.073252
24 0.706400 0.570477 0.038105 0.073252
26 0.792868 0.607103 0.038105 0.073252
87 0.864436 0.497225 0.031754 0.124306
61 0.298974 0.533851 0.021495 0.197558
63 0.662921 0.571032 0.032242 0.203108
63 0.749389 0.607658 0.032242 0.203108
95 0.300440 0.825749 0.075232 0.213097
95 0.348803 0.825749 0.075232 0.213097
5 0.111871 0.497225 0.091842 0.548280
40 0.393503 0.463374 0.015144 0.034406
70 0.359551 0.403996 0.068393 0.064373
141 0.110161 0.114317 0.081583 0.228635
159 0.429409 0.327969 0.009770 0.027747
172 0.994626 0.054939 0.010747 0.109878
69 0.194919 0.940067 0.033219 0.119867
200 0.767220 0.364040 0.084514 0.064373
