28 0.120117 0.427684 0.057617 0.072316
28 0.525879 0.502191 0.057617 0.072316
61 0.458984 0.501826 0.032227 0.195763
120 0.539062 0.279766 0.884766 0.144631
70 0.126953 0.902484 0.092773 0.067933
200 0.292236 0.707451 0.413574 0.088386
199 0.562256 0.136231 0.871582 0.158510
200 0.557617 0.134039 0.884766 0.154127
159 0.199707 0.971512 0.024414 0.035062
34 0.123047 0.017531 0.065430 0.035062
72 0.522949 0.966034 0.020508 0.028488
201 0.500000 0.628561 1.000000 0.069394
201 0.495850 0.546749 0.991699 0.086925
201 0.741455 0.547845 0.489746 0.078890
200 0.300049 0.644631 0.394043 0.100073
