8 0.187394 0.465183 0.191634 0.300072
69 0.372527 0.393396 0.066704 0.192391
30 0.577728 0.320531 0.067835 0.072505
30 0.594121 0.393037 0.067835 0.072505
122 0.505936 0.194185 0.119842 0.073941
122 0.805540 0.194903 0.361786 0.050969
122 0.504240 0.492821 0.153759 0.073941
122 0.785472 0.483489 0.401922 0.109835
30 0.590164 0.928571 0.074618 0.141421
141 0.230356 0.906317 0.145280 0.187365
141 0.187394 0.098349 0.174675 0.196698
170 0.507066 0.923187 0.061051 0.153625
201 0.514132 0.825556 0.120407 0.043073
201 0.801300 0.964106 0.394008 0.058866
201 0.813737 0.323044 0.371396 0.047380
28 0.591295 0.929289 0.078010 0.141421
1 0.539853 0.408112 0.179763 0.013640
199 0.513850 0.826633 0.119842 0.043790
