26 0.125244 0.393184 0.051270 0.073150
26 0.127197 0.463840 0.051270 0.073150
26 0.240479 0.393184 0.051270 0.073150
26 0.243896 0.463840 0.051270 0.073150
26 0.519287 0.393184 0.051270 0.073150
26 0.517822 0.463840 0.051270 0.073150
26 0.644775 0.393184 0.051270 0.073150
26 0.642822 0.463840 0.051270 0.073150
26 0.762939 0.393184 0.051270 0.073150
26 0.761475 0.463840 0.051270 0.073150
26 0.878174 0.393184 0.051270 0.073150
26 0.873291 0.463840 0.051270 0.073150
63 0.046875 0.429759 0.042969 0.204489
87 0.362305 0.497091 0.042969 0.124688
95 0.088379 0.789692 0.100586 0.214464
26 0.521729 0.891106 0.057129 0.084788
26 0.874756 0.896509 0.056152 0.085619
159 0.582031 0.888196 0.020508 0.034081
182 0.520996 0.026185 0.057617 0.052369
182 0.646484 0.025769 0.059570 0.051538
185 0.984863 0.359933 0.030273 0.152951
173 0.032715 0.288030 0.065430 0.167082
109 0.449707 0.902743 0.045898 0.194514
182 0.126221 0.025769 0.057129 0.049875
95 0.032471 0.289692 0.064941 0.167082
159 0.548340 0.088113 0.011719 0.019950
201 0.554443 0.508313 0.106934 0.024106
159 0.117188 0.202411 0.039062 0.052369
182 0.159180 0.693267 0.127930 0.038238
201 0.500000 0.032419 1.000000 0.064838
