26 0.140033 0.365731 0.065898 0.067468
26 0.497529 0.298263 0.065898 0.067468
26 0.617792 0.298263 0.065898 0.067468
24 0.814937 0.399800 0.065898 0.067468
40 0.228446 0.365731 0.026359 0.031396
120 0.331137 0.162659 0.372323 0.170341
120 0.734487 0.255845 0.283910 0.167001
95 0.105711 0.734135 0.130148 0.197729
194 0.177924 0.742485 0.054915 0.099532
72 0.493959 0.228457 0.033498 0.026720
72 0.627677 0.245491 0.032949 0.040748
72 0.817957 0.322979 0.033498 0.044756
70 0.153487 0.270875 0.143328 0.087508
26 0.494509 0.930528 0.077430 0.081496
199 0.336354 0.827655 0.335530 0.113560
26 0.619165 0.932866 0.077430 0.078156
72 0.616145 0.862391 0.021966 0.022712
72 0.492861 0.860387 0.022515 0.025384
200 0.723504 0.855043 0.249863 0.132265
199 0.723778 0.854375 0.252608 0.130929
72 0.816310 0.936206 0.022515 0.026052
1 0.977485 0.400802 0.045030 0.010688
1 0.976936 0.467268 0.046129 0.014028
1 0.975014 0.600868 0.047776 0.015364
26 0.991763 0.627255 0.016474 0.066800
1 0.984898 0.667669 0.030203 0.016700
71 0.155684 0.903808 0.130148 0.070808
1 0.620538 0.342685 0.108731 0.017368
