26 0.329102 0.463250 0.042969 0.071567
26 0.689453 0.463250 0.042969 0.071567
87 0.529053 0.499033 0.035645 0.121857
87 0.851318 0.499033 0.035645 0.121857
5 0.073486 0.499033 0.103027 0.535783
24 0.342529 0.954062 0.048340 0.078337
172 0.273926 0.090426 0.039062 0.180851
24 0.696777 0.950677 0.044922 0.075435
26 0.691406 0.077369 0.047852 0.083172
26 0.336182 0.076886 0.045410 0.082205
166 0.333496 0.619439 0.036133 0.225338
166 0.681641 0.621373 0.019531 0.229207
201 0.500000 0.029497 1.000000 0.058994
170 0.286865 0.918279 0.035645 0.161509
166 0.701660 0.591876 0.022461 0.160542
159 0.396973 0.488878 0.008789 0.014507
1 0.478516 0.651354 0.103516 0.014507
201 0.503662 0.411025 0.989746 0.081238
141 0.069092 0.110251 0.099121 0.220503
1 0.371094 0.652805 0.101562 0.011605
