5 0.081787 0.500886 0.111816 0.534101
67 0.182129 0.427812 0.046875 0.198406
67 0.211914 0.321523 0.046875 0.198406
24 0.333740 0.427812 0.046387 0.070859
24 0.340088 0.501329 0.046387 0.070859
24 0.676025 0.427812 0.046387 0.070859
24 0.676025 0.501329 0.046387 0.070859
24 0.929443 0.427812 0.046387 0.070859
24 0.926514 0.501329 0.046387 0.070859
40 0.751465 0.392383 0.018555 0.033658
40 0.752930 0.465013 0.018555 0.033658
87 0.514160 0.464570 0.039062 0.121346
125 0.514160 0.798051 0.467773 0.124004
106 0.676270 0.278565 0.086914 0.096546
106 0.683594 0.631532 0.084961 0.081488
166 0.332275 0.625332 0.045410 0.232064
201 0.500732 0.033215 0.998535 0.066430
24 0.887207 0.634632 0.041016 0.052259
200 0.779053 0.703277 0.254395 0.040744
1 0.729004 0.415412 0.094727 0.017715
