24 0.298584 0.357410 0.055176 0.071108
26 0.452393 0.393338 0.055176 0.071108
24 0.805908 0.429266 0.055176 0.071108
26 0.964600 0.463698 0.055176 0.071108
87 0.574463 0.499251 0.046387 0.121257
61 0.225342 0.356662 0.030762 0.192365
61 0.740967 0.428518 0.030762 0.192365
59 0.362061 0.392964 0.042480 0.176647
59 0.884521 0.464072 0.042480 0.176647
199 0.485840 0.831587 0.313477 0.089820
24 0.304932 0.960704 0.060059 0.077096
26 0.093750 0.924027 0.057617 0.083084
159 0.378662 0.932260 0.020020 0.030689
171 0.237061 0.929641 0.035645 0.140719
170 0.019531 0.871257 0.038086 0.193114
72 0.310791 0.895210 0.013184 0.017964
72 0.093994 0.843189 0.016113 0.023204
199 0.895264 0.913174 0.209473 0.128743
170 0.585205 0.934880 0.043457 0.130240
200 0.851074 0.619012 0.157227 0.073353
72 0.656982 0.910180 0.018066 0.023952
200 0.852783 0.683383 0.159668 0.065868
199 0.038330 0.766093 0.076660 0.077096
200 0.345215 0.607036 0.159180 0.059880
201 0.919189 0.975674 0.161621 0.048653
201 0.121338 0.349551 0.239746 0.052395
