26 0.335857 0.161324 0.038593 0.068252
24 0.335857 0.263702 0.038593 0.068252
59 0.259160 0.263702 0.029800 0.169597
61 0.292135 0.161841 0.021495 0.185109
5 0.103322 0.531541 0.092330 0.514995
69 0.188813 0.400724 0.037616 0.180972
87 0.492428 0.532058 0.032242 0.116856
86 0.627748 0.497415 0.035173 0.204757
170 0.290181 0.857291 0.030288 0.173733
141 0.108940 0.929679 0.080117 0.140641
24 0.336834 0.897104 0.040547 0.075491
170 0.263801 0.930196 0.025403 0.139607
24 0.338544 0.964840 0.040059 0.066184
166 0.335857 0.440538 0.030777 0.194416
1 0.334636 0.340745 0.064485 0.015512
1 0.340254 0.903309 0.064973 0.021717
201 0.524426 0.950879 0.951148 0.061013
184 0.191988 0.936918 0.032242 0.126163
172 0.263801 0.928645 0.026380 0.140641
