84 0.485840 0.462095 0.053711 0.039283
26 0.121582 0.879394 0.062500 0.074431
26 0.580322 0.801172 0.063965 0.073742
70 0.130859 0.784287 0.091797 0.064783
26 0.123047 0.950379 0.064453 0.067540
24 0.780029 0.908339 0.064941 0.079945
72 0.773682 0.830117 0.020996 0.024121
72 0.574951 0.722950 0.017090 0.026189
72 0.458740 0.732254 0.017090 0.024121
26 0.468506 0.884562 0.062012 0.072364
173 0.703369 0.941420 0.054199 0.115782
159 0.206543 0.873880 0.020508 0.027567
159 0.208252 0.942453 0.020996 0.031013
26 0.586182 0.876637 0.058105 0.068918
24 0.781738 0.968298 0.067383 0.055134
13 0.986084 0.441075 0.025879 0.146106
172 0.390625 0.879394 0.056641 0.206754
109 0.377686 0.875258 0.032715 0.192970
1 0.151855 0.915231 0.144531 0.013784
109 0.385986 0.874914 0.048340 0.195038
172 0.041260 0.875603 0.050293 0.196416
1 0.584473 0.842867 0.101562 0.017919
201 0.903076 0.983460 0.193848 0.033081
201 0.500488 0.416609 0.999023 0.127498
