24 0.146875 0.495351 0.075000 0.072246
24 0.163750 0.569742 0.075000 0.072246
24 0.430625 0.428112 0.075000 0.072246
24 0.430625 0.495351 0.075000 0.072246
24 0.586250 0.428112 0.075000 0.072246
24 0.592500 0.495351 0.075000 0.072246
26 0.843125 0.532546 0.075000 0.072246
26 0.830000 0.606223 0.075000 0.072246
63 0.717812 0.606581 0.063125 0.201717
40 0.251875 0.461731 0.030000 0.033619
40 0.250625 0.532546 0.030000 0.033619
71 0.177813 0.693491 0.131875 0.076538
73 0.438125 0.606581 0.038750 0.044349
73 0.599375 0.610515 0.030000 0.043634
73 0.826250 0.698498 0.040000 0.047926
26 0.427812 0.962089 0.084375 0.075823
70 0.175000 0.929900 0.122500 0.068670
200 0.744687 0.265379 0.244375 0.103004
72 0.434375 0.875894 0.025000 0.029328
200 0.327813 0.236052 0.280625 0.078684
72 0.590625 0.872675 0.025000 0.024320
26 0.585938 0.960658 0.084375 0.078684
72 0.595938 0.873033 0.026875 0.025036
1 0.969688 0.564378 0.058125 0.020029
1 0.945937 0.492847 0.108125 0.020029
1 0.892813 0.564020 0.208125 0.019313
