30 0.140381 0.320791 0.054199 0.072149
28 0.142334 0.428627 0.054199 0.072149
122 0.077637 0.230799 0.108398 0.084562
122 0.060303 0.503879 0.083496 0.069046
30 0.145020 0.965089 0.063477 0.069822
30 0.143311 0.859193 0.062988 0.089216
28 0.143311 0.859969 0.062012 0.090768
201 0.500000 0.344841 0.999023 0.053530
201 0.501221 0.482545 0.997559 0.069822
201 0.500732 0.044608 0.998535 0.089216
201 0.500000 0.404577 0.998047 0.075252
201 0.500488 0.461986 0.999023 0.110939
1 0.147705 0.929791 0.094238 0.027153
159 0.510742 0.675718 0.011719 0.024825
201 0.500732 0.623739 0.998535 0.080683
