24 0.107182 0.659583 0.078399 0.097500
40 0.690515 0.548333 0.031250 0.061667
24 0.238213 0.488750 0.069627 0.094167
24 0.450110 0.743750 0.075658 0.099167
59 0.170230 0.459583 0.040022 0.182500
59 0.781250 0.872917 0.053728 0.229167
200 0.676261 0.884167 0.186952 0.231667
28 0.599781 0.582917 0.075658 0.094167
111 0.129934 0.884167 0.247807 0.128333
24 0.597314 0.581667 0.072917 0.098333
186 0.026316 0.915833 0.052632 0.168333
75 0.447094 0.835417 0.075110 0.034167
26 0.868969 0.874583 0.047149 0.099167
162 0.946272 0.615833 0.065789 0.270000
1 0.108279 0.576250 0.212171 0.025833
1 0.877193 0.745000 0.125000 0.023333
