24 0.310943 0.512386 0.032731 0.073012
26 0.428188 0.539765 0.024915 0.065189
26 0.943820 0.623859 0.025403 0.071708
26 0.958232 0.628422 0.026869 0.070404
30 0.545677 0.460235 0.037128 0.083442
67 0.186859 0.456323 0.043478 0.263364
63 0.906693 0.628422 0.040059 0.250326
5 0.110894 0.481095 0.091842 0.667536
141 0.109184 0.046936 0.083537 0.093872
28 0.863214 0.494133 0.043967 0.112125
200 0.925989 0.275098 0.088422 0.080834
200 0.386908 0.252282 0.105520 0.061278
199 0.653639 0.159061 0.624328 0.245111
199 0.273571 0.055411 0.101612 0.079531
