26 0.801568 0.463877 0.078408 0.067954
95 0.798854 0.692060 0.139324 0.189557
95 0.714415 0.061516 0.122437 0.123033
93 0.227684 0.721388 0.116405 0.135193
93 0.160133 0.040415 0.071773 0.080830
95 0.110374 0.720315 0.088058 0.130186
28 0.208685 0.430973 0.072376 0.072246
61 0.697829 0.461016 0.069964 0.229614
200 0.494873 0.042203 0.210495 0.074392
200 0.496381 0.020744 0.213510 0.041488
96 0.722859 0.701359 0.065742 0.085122
159 0.321472 0.381974 0.033776 0.055794
200 0.514174 0.708512 0.288902 0.075107
199 0.485826 0.584764 0.515682 0.143777
200 0.870929 0.027539 0.178528 0.055079
95 0.265983 0.038984 0.073583 0.077969
