24 0.795410 0.280833 0.056641 0.085000
24 0.793457 0.910417 0.056641 0.082500
26 0.132080 0.380000 0.057129 0.066667
28 0.323730 0.356667 0.049805 0.071667
59 0.718506 0.226667 0.048340 0.196667
170 0.719238 0.868333 0.043945 0.203333
200 0.437500 0.059167 0.587891 0.118333
199 0.554443 0.902500 0.890137 0.195000
200 0.063232 0.250833 0.124512 0.180000
24 0.035645 0.037500 0.071289 0.075000
199 0.579346 0.243333 0.841309 0.166667
200 0.057861 0.890833 0.114746 0.186667
199 0.500977 0.715833 0.998047 0.073333
77 0.772461 0.022917 0.009766 0.045833
200 0.063232 0.213750 0.125488 0.255833
183 0.793213 0.988750 0.093262 0.017500
