120 0.536814 0.042500 0.406961 0.085000
93 0.182396 0.132917 0.087684 0.150833
26 0.785475 0.620833 0.056894 0.073333
86 0.472557 0.488750 0.073628 0.265833
87 0.674364 0.480833 0.086345 0.160000
85 0.129518 0.461667 0.105087 0.058333
93 0.468876 0.231667 0.097055 0.141667
26 0.825971 0.624167 0.060241 0.065000
159 0.743641 0.020417 0.018742 0.020833
93 0.561580 0.211250 0.085676 0.095833
162 0.899598 0.479167 0.064257 0.195000
95 0.468206 0.232500 0.097055 0.145000
201 0.484270 0.654167 0.968541 0.076667
