24 0.147592 0.495833 0.053824 0.075000
26 0.067705 0.707500 0.053824 0.078333
24 0.108215 0.402083 0.047592 0.060833
95 0.094051 0.092083 0.108782 0.184167
95 0.086686 0.835833 0.132578 0.218333
32 0.269972 0.333333 0.067422 0.083333
200 0.673088 0.134167 0.497450 0.086667
200 0.664306 0.749167 0.515014 0.075000
200 0.655241 0.798750 0.493484 0.040833
200 0.676204 0.185833 0.501416 0.045000
199 0.670255 0.040417 0.659490 0.080833
201 0.186969 0.235417 0.164306 0.054167
16 0.989802 0.952500 0.020397 0.095000
