95 0.247623 0.053648 0.148500 0.107296
95 0.231529 0.852647 0.171909 0.175966
95 0.149963 0.051860 0.138990 0.103720
95 0.147037 0.851931 0.158010 0.177396
30 0.285296 0.392346 0.086320 0.070815
28 0.645940 0.643419 0.086320 0.070815
200 0.488661 0.427396 0.310168 0.211016
200 0.844916 0.764664 0.299927 0.090129
199 0.224945 0.968169 0.215801 0.057940
201 0.617410 0.985336 0.495977 0.029328
200 0.560351 0.431330 0.874909 0.230329
96 0.051207 0.844063 0.074616 0.085837
200 0.131309 0.296495 0.250914 0.099428
