24 0.872549 0.950417 0.081892 0.090833
26 0.678201 0.903333 0.077278 0.091667
24 0.683968 0.416667 0.076125 0.091667
30 0.130911 0.375000 0.104960 0.123333
30 0.130334 0.544167 0.096886 0.123333
28 0.641292 0.327083 0.093426 0.127500
63 0.547866 0.343750 0.063437 0.244167
200 0.743656 0.139167 0.130911 0.088333
200 0.629181 0.852917 0.521338 0.195833
200 0.903691 0.151667 0.124567 0.068333
199 0.801615 0.302917 0.178777 0.084167
200 0.908304 0.193333 0.138408 0.046667
200 0.631776 0.805000 0.526528 0.288333
200 0.048731 0.892917 0.097463 0.207500
200 0.048731 0.924583 0.096309 0.142500
200 0.391580 0.739167 0.371396 0.370000
201 0.305652 0.392917 0.611303 0.069167
