120 0.314116 0.064583 0.282834 0.129167
120 0.776112 0.122500 0.313340 0.163333
24 0.834023 0.430833 0.070321 0.096667
24 0.345140 0.354167 0.072906 0.100000
26 0.435367 0.303750 0.071355 0.090833
24 0.166753 0.173333 0.071872 0.100000
26 0.919597 0.389583 0.071872 0.092500
26 0.260858 0.210833 0.069804 0.096667
26 0.695967 0.292083 0.068252 0.082500
24 0.607032 0.247917 0.075491 0.079167
61 0.767322 0.434583 0.051706 0.282500
59 0.526629 0.215000 0.058428 0.236667
62 0.032575 0.563750 0.045502 0.217500
60 0.438211 0.519167 0.048087 0.171667
109 0.525078 0.463333 0.063599 0.196667
74 0.348501 0.247083 0.068252 0.025833
201 0.109100 0.644583 0.084798 0.042500
74 0.440021 0.204167 0.067218 0.020000
26 0.490434 0.557500 0.048087 0.073333
199 0.873320 0.213333 0.096174 0.051667
74 0.927870 0.288333 0.073940 0.030000
199 0.403309 0.153750 0.098242 0.042500
72 0.163909 0.062917 0.022751 0.032500
1 0.208376 0.264583 0.189245 0.034167
201 0.403826 0.153333 0.099276 0.043333
201 0.520424 0.641250 0.078077 0.039167
