26 0.554226 0.392497 0.041524 0.075028
24 0.305325 0.853863 0.044944 0.086226
26 0.859062 0.685330 0.034685 0.076148
26 0.407181 0.606943 0.040547 0.069429
67 0.184416 0.453527 0.038593 0.217245
63 0.255252 0.854983 0.043478 0.218365
63 0.362237 0.604703 0.029800 0.215006
59 0.506595 0.348264 0.035173 0.206047
136 0.011969 0.295633 0.023937 0.591265
141 0.106986 0.039754 0.087934 0.079507
143 0.108451 0.405375 0.090865 0.253080
141 0.124573 0.951288 0.081094 0.097424
200 0.642892 0.176932 0.138740 0.089586
26 0.463117 0.460806 0.044944 0.081747
200 0.642648 0.152296 0.135320 0.082867
24 0.646800 0.027996 0.056668 0.055991
1 0.860283 0.634938 0.064485 0.020157
200 0.397655 0.322508 0.148510 0.150056
96 0.403273 0.172452 0.040547 0.118701
95 0.404006 0.171892 0.041036 0.119821
1 0.306790 0.781075 0.061553 0.021277
1 0.305569 0.709406 0.064973 0.021277
24 0.646067 0.020717 0.068881 0.041433
