93 0.418945 0.760583 0.052734 0.115710
93 0.388184 0.782220 0.053711 0.157103
32 0.414062 0.500941 0.051758 0.083725
67 0.067627 0.520696 0.055176 0.192850
67 0.100098 0.396049 0.046875 0.199436
67 0.140137 0.591722 0.040039 0.218250
67 0.179688 0.456726 0.051758 0.232361
67 0.222168 0.642992 0.040039 0.160865
67 0.257080 0.498589 0.050293 0.193791
24 0.410400 0.039040 0.051270 0.078081
200 0.222656 0.254468 0.433594 0.367827
26 0.993896 0.622295 0.012207 0.072437
26 0.993896 0.452023 0.012207 0.057385
201 0.874268 0.588899 0.233887 0.035748
24 0.381104 0.061618 0.059082 0.123236
