26 0.862973 0.961667 0.070811 0.075000
24 0.865135 0.241250 0.071892 0.092500
26 0.653514 0.462083 0.051892 0.065833
120 0.750811 0.882083 0.171892 0.085833
93 0.159459 0.787500 0.082162 0.143333
30 0.185135 0.291667 0.064324 0.083333
61 0.767838 0.250833 0.050270 0.260000
200 0.429459 0.259583 0.389730 0.199167
199 0.951892 0.890833 0.096216 0.080000
170 0.095676 0.926250 0.056216 0.147500
199 0.933784 0.113750 0.132432 0.084167
32 0.645946 0.985417 0.071351 0.029167
32 0.195676 0.987083 0.071351 0.025833
