24 0.881625 0.446071 0.076561 0.059286
26 0.706419 0.463929 0.074794 0.059286
95 0.659011 0.707500 0.127208 0.182143
95 0.598940 0.707857 0.129564 0.185714
95 0.669611 0.044286 0.075383 0.088571
28 0.135159 0.714286 0.070082 0.071429
61 0.045936 0.705357 0.058893 0.220714
61 0.614252 0.462857 0.060071 0.188571
200 0.847762 0.024286 0.202002 0.048571
200 0.369552 0.022500 0.136042 0.043571
200 0.341578 0.663929 0.661955 0.246429
70 0.736749 0.196429 0.138987 0.084286
24 0.106302 0.027143 0.094817 0.054286
181 0.145465 0.071429 0.091873 0.061429
200 0.736749 0.196429 0.140165 0.082857
200 0.829211 0.687500 0.202591 0.049286
201 0.814488 0.323214 0.148410 0.032143
109 0.738516 0.344643 0.025913 0.202143
200 0.958186 0.217500 0.083628 0.080714
200 0.822733 0.713929 0.212014 0.059286
1 0.837456 0.360357 0.234393 0.017857
1 0.803592 0.361786 0.165489 0.015000
