26 0.420492 0.705000 0.093147 0.100000
24 0.695276 0.584167 0.095808 0.093333
26 0.219894 0.455833 0.088490 0.091667
24 0.925150 0.497500 0.091151 0.096667
26 0.811045 0.535417 0.087824 0.090833
87 0.591151 0.492500 0.093812 0.161667
200 0.806387 0.810833 0.292748 0.080000
200 0.850632 0.268750 0.236194 0.065833
75 0.810379 0.632083 0.086494 0.022500
75 0.936128 0.624583 0.087824 0.027500
70 0.401530 0.924583 0.169661 0.084167
159 0.312708 0.455417 0.034597 0.044167
200 0.805057 0.856250 0.283433 0.034167
199 0.342981 0.446667 0.153693 0.175000
162 0.492681 0.537083 0.087159 0.275833
199 0.497006 0.281667 0.972721 0.128333
24 0.060878 0.835000 0.079175 0.065000
24 0.051231 0.832500 0.051896 0.075000
1 0.057219 0.747500 0.098470 0.018333
75 0.698935 0.707083 0.085828 0.020833
1 0.218896 0.409167 0.218230 0.016667
200 0.217898 0.925417 0.144378 0.085833
