120 0.403564 0.193303 0.128418 0.056317
24 0.859131 0.438737 0.053223 0.069254
24 0.584229 0.438356 0.056152 0.077626
24 0.933350 0.502283 0.056152 0.079148
26 0.790771 0.408676 0.052246 0.070015
67 0.262939 0.480213 0.041504 0.168950
59 0.522461 0.407154 0.049805 0.168950
86 0.445557 0.488965 0.043457 0.181887
181 0.150146 0.030822 0.065918 0.061644
95 0.676025 0.801750 0.059082 0.105784
199 0.791016 0.364155 0.409180 0.160578
200 0.681152 0.710046 0.189453 0.036530
7 0.158203 0.494292 0.117188 0.254947
159 0.641602 0.402588 0.020508 0.031963
199 0.750732 0.179985 0.498535 0.090563
200 0.837646 0.648021 0.147949 0.099696
200 0.685791 0.675419 0.195801 0.037291
94 0.622314 0.785008 0.100098 0.075342
6 0.157227 0.447108 0.116211 0.172755
