24 0.936559 0.349286 0.077419 0.084286
24 0.775806 0.355714 0.078495 0.085714
26 0.630108 0.391071 0.076344 0.080714
40 0.241398 0.314643 0.025806 0.039286
26 0.494086 0.538929 0.075269 0.070714
26 0.048118 0.610357 0.046774 0.063571
26 0.161022 0.310000 0.070430 0.080000
61 0.077688 0.311429 0.058602 0.224286
61 0.333065 0.528929 0.058602 0.219286
61 0.706989 0.359286 0.041935 0.200000
63 0.560215 0.403929 0.048387 0.186429
63 0.854570 0.356071 0.043548 0.175000
200 0.299194 0.328571 0.216667 0.208571
74 0.940323 0.253929 0.072043 0.023571
74 0.629032 0.295714 0.070968 0.022857
82 0.522312 0.263929 0.031720 0.090714
26 0.410753 0.538929 0.073118 0.075000
200 0.339785 0.338571 0.339785 0.241429
200 0.681989 0.671786 0.433871 0.146429
