26 0.771763 0.798333 0.074538 0.086667
24 0.152612 0.517500 0.075626 0.078333
30 0.368607 0.458333 0.064744 0.083333
63 0.066104 0.501250 0.054951 0.245833
61 0.677639 0.797917 0.066921 0.245833
200 0.269042 0.858750 0.292165 0.087500
200 0.588955 0.855000 0.256257 0.080000
200 0.588955 0.911250 0.261697 0.037500
200 0.267954 0.910417 0.283460 0.040833
1 0.778020 0.741667 0.107726 0.021667
201 0.422198 0.987500 0.418934 0.025000
199 0.579978 0.337500 0.837867 0.146667
201 0.589227 0.911667 0.261153 0.035000
