32 0.258301 0.304185 0.003266 0.002703
30 0.323196 0.302561 0.008156 0.004102
5 0.208630 0.329935 0.015685 0.022561
26 0.233037 0.325765 0.010038 0.009024
93 0.343766 0.325766 0.009411 0.010255
92 0.364472 0.325766 0.009411 0.010255
34 0.255566 0.309919 0.003899 0.002785
28 0.326025 0.313154 0.004004 0.002622
5 0.209067 0.329910 0.015188 0.021840
63 0.253084 0.311169 0.006075 0.008736
26 0.233269 0.325760 0.009720 0.008736
93 0.343541 0.325763 0.009113 0.009927
92 0.364299 0.325763 0.009113 0.009927
34 0.403272 0.303751 0.005208 0.003580
30 0.438719 0.302441 0.007482 0.004835
30 0.455038 0.302157 0.007542 0.004231
67 0.400047 0.302619 0.003249 0.009040
76 0.438032 0.299661 0.003249 0.002877
76 0.454345 0.299624 0.003249 0.002877
32 0.410469 0.307751 0.004549 0.002743
28 0.439124 0.308227 0.009098 0.005439
28 0.455541 0.308117 0.009876 0.005346
76 0.437963 0.305998 0.003131 0.002788
76 0.454286 0.305952 0.003131 0.002788
28 0.473853 0.300495 0.005656 0.004116
92 0.495615 0.325768 0.006527 0.010291
91 0.524061 0.325768 0.006527 0.010291
30 0.482289 0.310083 0.008911 0.007348
92 0.495513 0.325767 0.006251 0.010018
91 0.523918 0.325767 0.006251 0.010018
28 0.708250 0.317299 0.011843 0.004152
28 0.753260 0.319176 0.003296 0.002419
28 0.843197 0.325765 0.011843 0.004152
5 0.587574 0.329933 0.022775 0.022836
65 0.699980 0.317304 0.009110 0.009134
92 0.627455 0.325750 0.013665 0.010380
5 0.587721 0.330051 0.023792 0.023543
34 0.257469 0.376196 0.003161 0.002458
28 0.324973 0.373003 0.009537 0.004693
5 0.207235 0.385772 0.018341 0.025814
26 0.232873 0.381466 0.011738 0.010326
93 0.345427 0.381463 0.011004 0.011734
92 0.365677 0.381463 0.011004 0.011734
32 0.261450 0.381467 0.009628 0.004841
30 0.326664 0.383791 0.004004 0.002703
5 0.207498 0.385757 0.018515 0.026628
63 0.254486 0.381467 0.007406 0.010651
26 0.232976 0.381468 0.011850 0.010651
93 0.345331 0.381465 0.011109 0.012104
92 0.365604 0.381464 0.011109 0.012104
32 0.411550 0.372613 0.002694 0.002092
28 0.440356 0.373068 0.008141 0.005811
28 0.457286 0.373290 0.007961 0.005579
67 0.400487 0.372953 0.003845 0.010285
76 0.438369 0.370113 0.003845 0.003273
76 0.454632 0.370144 0.003845 0.003273
34 0.410716 0.378681 0.003651 0.002882
30 0.440300 0.380029 0.008320 0.005718
30 0.456843 0.380008 0.008440 0.005672
76 0.438368 0.375926 0.003929 0.003400
76 0.454618 0.375941 0.003929 0.003400
30 0.483068 0.371458 0.007767 0.005804
92 0.496037 0.381458 0.007862 0.011522
91 0.524649 0.381458 0.007862 0.011522
28 0.482755 0.382190 0.008249 0.005850
92 0.496092 0.381459 0.008154 0.011932
91 0.524726 0.381459 0.008154 0.011932
38 0.628251 0.370994 0.012239 0.004185
5 0.587762 0.385643 0.023536 0.023017
5 0.587877 0.385752 0.024436 0.023940
32 0.259479 0.438138 0.003899 0.003030
30 0.326451 0.439025 0.011837 0.006335
5 0.207789 0.441253 0.022764 0.034842
63 0.255699 0.436964 0.009106 0.013937
26 0.233757 0.436965 0.014569 0.013937
93 0.346573 0.436959 0.013659 0.015837
92 0.366466 0.436958 0.013659 0.015837
32 0.258776 0.442177 0.003688 0.002620
30 0.337561 0.444665 0.003372 0.002866
5 0.211238 0.441104 0.022442 0.039959
26 0.235285 0.436973 0.014363 0.017647
93 0.345166 0.436973 0.013465 0.020054
92 0.365403 0.436972 0.013465 0.020054
34 0.413506 0.436242 0.003774 0.002610
30 0.437137 0.434887 0.006506 0.006318
30 0.453317 0.434898 0.006506 0.006318
76 0.438627 0.431521 0.005004 0.004423
76 0.454821 0.431552 0.005004 0.004423
34 0.409980 0.438013 0.003420 0.002656
30 0.437139 0.439029 0.007033 0.007242
30 0.453275 0.439015 0.007033 0.007242
77 0.438621 0.442368 0.005410 0.005069
77 0.454702 0.442335 0.005410 0.005069
28 0.474017 0.436948 0.009467 0.005963
92 0.496562 0.436948 0.010923 0.014907
91 0.525371 0.436947 0.010923 0.014907
28 0.474115 0.441177 0.010299 0.006653
92 0.496614 0.436950 0.011883 0.016632
91 0.525442 0.436950 0.011883 0.016632
36 0.631558 0.441319 0.014227 0.004878
5 0.588255 0.441355 0.027360 0.026829
5 0.588660 0.441448 0.031452 0.032499
32 0.239473 0.484637 0.004486 0.003307
28 0.282326 0.492994 0.008403 0.005826
8 0.208211 0.492892 0.008626 0.018186
26 0.222844 0.497018 0.005521 0.007274
93 0.289210 0.497016 0.005176 0.008266
92 0.301530 0.497015 0.005176 0.008266
34 0.253019 0.497538 0.002844 0.002160
30 0.282191 0.507441 0.008015 0.005474
8 0.208235 0.492887 0.008357 0.017059
26 0.222844 0.497015 0.005348 0.006824
93 0.289213 0.497014 0.005014 0.007754
92 0.301532 0.497013 0.005014 0.007754
34 0.333354 0.489404 0.003006 0.002335
28 0.362117 0.488833 0.008546 0.005540
93 0.370607 0.497017 0.004525 0.008456
92 0.381407 0.497017 0.004525 0.008456
32 0.336798 0.506215 0.004126 0.003297
30 0.362315 0.503390 0.007957 0.005494
93 0.370771 0.497011 0.004375 0.007482
92 0.381528 0.497011 0.004375 0.007482
34 0.411981 0.484534 0.006721 0.002885
30 0.440180 0.482370 0.008431 0.007646
30 0.456412 0.482374 0.008077 0.006822
76 0.439049 0.479700 0.002907 0.002179
76 0.455059 0.479700 0.002907 0.002179
32 0.410024 0.497096 0.002653 0.002060
28 0.440725 0.496616 0.008431 0.005906
28 0.456688 0.496823 0.008313 0.005906
76 0.439079 0.491552 0.002854 0.002100
76 0.455187 0.491552 0.002854 0.002100
30 0.483435 0.490585 0.007994 0.005461
92 0.496549 0.497011 0.005937 0.007869
91 0.525213 0.497011 0.005937 0.007869
28 0.483198 0.505006 0.007873 0.005885
92 0.496549 0.497011 0.005829 0.007585
91 0.525213 0.497011 0.005829 0.007585
30 0.708672 0.478805 0.011153 0.003613
30 0.757127 0.481125 0.005698 0.004006
30 0.844289 0.486704 0.011153 0.003613
8 0.588907 0.493035 0.021448 0.019871
92 0.628338 0.497029 0.012869 0.009032
28 0.628029 0.505056 0.010820 0.003417
30 0.652028 0.490590 0.007720 0.005294
30 0.708453 0.490952 0.010820 0.003417
30 0.737055 0.490926 0.010820 0.003417
28 0.765980 0.492939 0.010820 0.003417
28 0.804846 0.492915 0.010820 0.003417
28 0.844204 0.492891 0.010820 0.003417
28 0.883951 0.492867 0.010820 0.003417
8 0.588936 0.493047 0.020807 0.018793
34 0.235785 0.549850 0.003749 0.003618
30 0.282500 0.550301 0.007627 0.005930
5 0.207034 0.556834 0.016994 0.041189
26 0.222023 0.552493 0.010876 0.025196
93 0.289495 0.552493 0.010196 0.028632
92 0.301763 0.552492 0.010196 0.028632
32 0.239562 0.565332 0.009448 0.013123
28 0.282172 0.566077 0.008597 0.006030
5 0.207105 0.556827 0.018169 0.041189
26 0.222052 0.552494 0.011628 0.028870
93 0.289467 0.552493 0.010901 0.032807
92 0.301743 0.552493 0.010901 0.032807
32 0.337607 0.549078 0.003040 0.002643
30 0.361860 0.550197 0.008328 0.005427
93 0.371076 0.552491 0.009265 0.028192
92 0.381753 0.552491 0.009265 0.028192
32 0.327203 0.556808 0.008612 0.012978
28 0.361847 0.565305 0.008754 0.005852
93 0.371050 0.552491 0.009937 0.032446
92 0.381733 0.552491 0.009937 0.032446
32 0.405162 0.548174 0.007247 0.011893
28 0.441439 0.548416 0.007353 0.005758
28 0.457126 0.548293 0.007840 0.006088
76 0.439139 0.542454 0.005575 0.008325
76 0.455450 0.542454 0.005575 0.008325
32 0.405292 0.548140 0.008912 0.012686
28 0.441439 0.548416 0.007353 0.005758
28 0.457126 0.548293 0.007840 0.006088
76 0.439443 0.542479 0.006855 0.008880
76 0.455617 0.542520 0.006855 0.008880
28 0.483480 0.548300 0.007536 0.005947
92 0.497365 0.552478 0.014440 0.024333
91 0.526334 0.552479 0.014440 0.024333
28 0.483731 0.556832 0.008083 0.005947
92 0.497366 0.552482 0.016297 0.029144
91 0.526339 0.552482 0.016297 0.029144
38 0.633054 0.541071 0.021340 0.009895
5 0.590242 0.557051 0.041039 0.041189
36 0.634064 0.556968 0.023087 0.011566
5 0.590256 0.557015 0.044398 0.041189
5 0.239122 0.611781 0.064293 0.039959
26 0.249646 0.607650 0.064293 0.039959
5 0.239124 0.611777 0.064293 0.039959
26 0.249633 0.607650 0.064293 0.039959
28 0.484051 0.611758 0.007692 0.005650
92 0.497754 0.607612 0.041651 0.039959
91 0.526855 0.607614 0.041651 0.039959
30 0.484160 0.627455 0.007934 0.007109
92 0.497458 0.607610 0.026094 0.039959
91 0.526462 0.607609 0.026094 0.039959
5 0.591284 0.611789 0.064293 0.039959
5 0.591157 0.611726 0.064293 0.039959
8 0.238948 0.658375 0.010112 0.039959
26 0.249855 0.662569 0.006472 0.018213
28 0.484388 0.671452 0.007934 0.005885
92 0.496549 0.662569 0.009741 0.021125
91 0.525213 0.662569 0.009741 0.021125
8 0.589049 0.658263 0.034024 0.039959
28 0.239375 0.721724 0.005289 0.004468
28 0.247710 0.717133 0.003167 0.002865
30 0.239355 0.711217 0.005289 0.004468
30 0.277097 0.723822 0.005289 0.004468
30 0.266547 0.719580 0.005300 0.002513
28 0.283207 0.708296 0.008015 0.005629
5 0.207769 0.721724 0.010172 0.024571
63 0.235271 0.717522 0.004069 0.009829
26 0.222675 0.717522 0.006510 0.009829
92 0.258223 0.717522 0.006103 0.011169
92 0.301657 0.717522 0.006103 0.011169
30 0.335983 0.736921 0.008379 0.007392
30 0.335141 0.723386 0.007781 0.005858
28 0.335071 0.716561 0.008439 0.005393
28 0.362224 0.734512 0.008978 0.005718
28 0.362203 0.725083 0.008499 0.005718
30 0.362154 0.714910 0.008140 0.005672
65 0.323951 0.717522 0.003567 0.009820
92 0.343498 0.717522 0.005350 0.011160
92 0.381537 0.717522 0.005350 0.011160
30 0.414128 0.728391 0.007721 0.006509
30 0.414631 0.715737 0.007721 0.005997
28 0.414816 0.709180 0.007960 0.005718
30 0.441143 0.728159 0.007960 0.005486
30 0.441358 0.715903 0.008439 0.005858
28 0.441569 0.708856 0.008619 0.005951
30 0.457491 0.728022 0.007601 0.005579
30 0.458059 0.715984 0.007601 0.005811
28 0.457829 0.709217 0.007900 0.005625
67 0.401785 0.709114 0.003495 0.009808
92 0.421450 0.717522 0.005242 0.011145
30 0.484401 0.737315 0.008297 0.006544
30 0.484228 0.728557 0.007994 0.006309
28 0.484453 0.717965 0.008418 0.005650
30 0.485022 0.707159 0.007994 0.006214
30 0.517973 0.707423 0.007571 0.006450
28 0.532567 0.705450 0.008661 0.006073
28 0.550624 0.709535 0.008116 0.005885
28 0.561460 0.713673 0.008055 0.005650
30 0.574327 0.715945 0.007994 0.005697
67 0.506166 0.707012 0.004782 0.009766
28 0.630980 0.716116 0.007169 0.005293
28 0.685476 0.713717 0.007537 0.005865
30 0.685476 0.713717 0.007537 0.005865
28 0.723262 0.715048 0.007904 0.006008
28 0.779779 0.714548 0.008088 0.005579
30 0.791807 0.714515 0.008456 0.006008
28 0.809066 0.713317 0.012779 0.004430
30 0.828343 0.711216 0.012779 0.004430
28 0.847614 0.709114 0.012779 0.004430
28 0.856142 0.715287 0.007353 0.005579
30 0.894116 0.715623 0.008088 0.004864
28 0.902909 0.717872 0.004595 0.003004
5 0.589172 0.721735 0.024575 0.024365
30 0.553084 0.792512 0.000616 0.000587
30 0.560558 0.783484 0.007910 0.005765
28 0.553810 0.772554 0.000616 0.000587
28 0.563970 0.776824 0.000616 0.000587
30 0.568039 0.774678 0.000616 0.000587
30 0.572130 0.778994 0.000616 0.000587
30 0.573459 0.785802 0.008749 0.005672
28 0.573459 0.785802 0.008749 0.005672
67 0.562622 0.776824 0.000474 0.001291
93 0.559993 0.772554 0.000710 0.001467
30 0.641875 0.787127 0.008440 0.007113
30 0.630170 0.785020 0.009577 0.005672
28 0.630170 0.785020 0.009577 0.005672
30 0.641875 0.787127 0.008440 0.007113
30 0.641875 0.787127 0.008440 0.007113
28 0.641875 0.787127 0.008440 0.007113
30 0.641875 0.787127 0.008440 0.007113
28 0.656791 0.781167 0.000640 0.000659
30 0.659301 0.778981 0.000640 0.000659
30 0.662048 0.783380 0.000640 0.000659
28 0.666392 0.787852 0.006884 0.006741
30 0.666392 0.787852 0.006884 0.006741
5 0.625072 0.776809 0.001231 0.003625
30 0.335522 0.834998 0.008273 0.006056
28 0.383625 0.829566 0.004055 0.003154
92 0.364277 0.828089 0.017120 0.024555
92 0.438305 0.828089 0.017120 0.024555
30 0.484668 0.834075 0.007659 0.005475
92 0.497530 0.828088 0.012281 0.024075
91 0.526660 0.828088 0.012281 0.024075
30 0.616440 0.821753 0.012515 0.009027
34 0.672299 0.825990 0.012515 0.009027
30 0.762552 0.834330 0.012515 0.009027
6 0.588797 0.828090 0.024067 0.039959
30 0.335039 0.877765 0.008111 0.005358
28 0.395867 0.875717 0.008745 0.004252
92 0.363692 0.884221 0.010090 0.010631
92 0.437831 0.884221 0.010090 0.010631
28 0.485283 0.892604 0.008027 0.005669
92 0.497187 0.884221 0.006979 0.010631
91 0.526186 0.884221 0.006979 0.010631
28 0.616281 0.892725 0.008328 0.004252
30 0.642603 0.878248 0.007653 0.005185
30 0.671517 0.877843 0.008328 0.004252
30 0.690913 0.877843 0.008328 0.004252
28 0.710345 0.879969 0.008328 0.004252
28 0.736219 0.879969 0.008328 0.004252
28 0.760592 0.880865 0.002839 0.002112
28 0.788003 0.879969 0.008328 0.004252
8 0.588734 0.879969 0.016016 0.023388
