24 0.115767 0.215730 0.050288 0.069663
24 0.128863 0.258427 0.036668 0.062921
24 0.281299 0.367416 0.075432 0.112360
24 0.284180 0.236517 0.081194 0.100000
24 0.284966 0.267978 0.078575 0.088764
24 0.292038 0.258989 0.063384 0.077528
24 0.394185 0.361236 0.069670 0.095506
24 0.400471 0.222472 0.071765 0.087640
24 0.550812 0.386517 0.052907 0.132584
24 0.551074 0.217978 0.045050 0.074157
24 0.739130 0.394944 0.080671 0.126966
24 0.751179 0.257865 0.050288 0.079775
24 0.841016 0.387079 0.085385 0.131461
