40 0.597920 0.131786 0.041594 0.026429
24 0.259099 0.277857 0.048527 0.052857
34 0.516031 0.185000 0.144714 0.070000
32 0.522964 0.289286 0.144714 0.070000
62 0.139081 0.293214 0.068458 0.159286
200 0.709272 0.924643 0.292028 0.120714
162 0.292028 0.116786 0.105719 0.206429
200 0.775130 0.401429 0.428943 0.115714
162 0.322357 0.902857 0.077990 0.157143
1 0.270797 0.343929 0.132582 0.013571
185 0.333622 0.092857 0.128250 0.112857
1 0.549393 0.346429 0.173310 0.018571
200 0.775997 0.918571 0.411612 0.122857
95 0.295494 0.115714 0.138648 0.204286
182 0.912912 0.440714 0.111785 0.034286
