24 0.591019 0.502500 0.059466 0.081667
26 0.721177 0.532917 0.043083 0.062500
26 0.599818 0.624583 0.070995 0.067500
40 0.261226 0.616250 0.028519 0.040833
28 0.158070 0.418333 0.072209 0.083333
28 0.173240 0.500000 0.072209 0.083333
30 0.163532 0.625833 0.072209 0.083333
86 0.717840 0.462083 0.057039 0.245833
86 0.833131 0.464583 0.053398 0.240833
200 0.487864 0.294583 0.156553 0.110833
159 0.262136 0.375000 0.019417 0.033333
200 0.060680 0.770833 0.121359 0.131667
32 0.027913 0.374167 0.055825 0.086667
24 0.593750 0.407917 0.084345 0.087500
34 0.027913 0.370417 0.055825 0.094167
200 0.066444 0.293750 0.130461 0.095833
200 0.336165 0.932500 0.361650 0.035000
1 0.915655 0.423333 0.160194 0.023333
199 0.386226 0.720417 0.356189 0.115833
