26 0.902101 0.827083 0.063557 0.077500
40 0.228601 0.718750 0.025628 0.040833
24 0.723731 0.744583 0.054331 0.065833
26 0.604562 0.710000 0.068170 0.081667
24 0.722450 0.778750 0.050743 0.062500
30 0.156586 0.708333 0.060994 0.083333
61 0.067658 0.723333 0.071758 0.251667
63 0.824705 0.812917 0.069708 0.230833
200 0.334700 0.845417 0.345464 0.130833
200 0.359559 0.061667 0.396207 0.121667
200 0.726294 0.148333 0.255254 0.176667
200 0.643004 0.944167 0.080472 0.111667
200 0.679395 0.148750 0.160431 0.175833
73 0.733983 0.875417 0.015377 0.027500
73 0.902101 0.125000 0.020502 0.031667
186 0.817786 0.088750 0.053819 0.177500
72 0.722450 0.076250 0.019990 0.025833
26 0.904921 0.032917 0.068170 0.065833
73 0.601743 0.822500 0.021527 0.035000
172 0.817017 0.090833 0.054331 0.180000
