95 0.184326 0.141330 0.030762 0.197150
26 0.580811 0.966746 0.020020 0.066508
26 0.670166 0.964371 0.020020 0.071259
24 0.625732 0.938242 0.020020 0.085511
24 0.950684 0.872922 0.021484 0.087886
24 0.857910 0.792162 0.021484 0.083135
24 0.536621 0.939430 0.020508 0.087886
26 0.392578 0.899050 0.020508 0.083135
24 0.808838 0.870546 0.020996 0.087886
24 0.442383 0.946556 0.020508 0.092637
24 0.761230 0.951306 0.022461 0.087886
24 0.235596 0.862233 0.023926 0.090261
26 0.485107 0.901425 0.020020 0.087886
24 0.232178 0.281473 0.020020 0.087886
24 0.345459 0.866983 0.020996 0.090261
24 0.231445 0.212589 0.020508 0.087886
26 0.297363 0.893112 0.020508 0.090261
26 0.902832 0.827791 0.021484 0.078385
86 0.575195 0.399050 0.011719 0.194774
24 0.232910 0.028504 0.022461 0.057007
32 0.137451 0.874109 0.024902 0.085511
24 0.716309 0.985748 0.019531 0.028504
1 0.950439 0.948931 0.030762 0.016627
1 0.391602 0.941805 0.027344 0.016627
200 0.185547 0.788599 0.069336 0.090261
1 0.237305 0.939430 0.030273 0.016627
1 0.347412 0.952494 0.029785 0.014252
159 0.596924 0.973872 0.003418 0.019002
1 0.136963 0.872922 0.030762 0.016627
1 0.809326 0.950119 0.027832 0.019002
1 0.137207 0.952494 0.029297 0.014252
1 0.857666 0.871734 0.027832 0.019002
186 0.485840 0.758907 0.018555 0.140143
24 0.137695 0.872922 0.025391 0.083135
1 0.857178 0.951306 0.026855 0.016627
184 0.943115 0.951306 0.013184 0.097387
24 0.232910 0.385986 0.022461 0.083135
1 0.903076 0.940618 0.028809 0.019002
183 0.486572 0.947743 0.025879 0.028504
