32 0.153515 0.412500 0.086495 0.083333
32 0.166667 0.583333 0.086495 0.083333
61 0.066009 0.595833 0.065250 0.283333
201 0.498483 0.661667 0.996965 0.041667
159 0.247850 0.381250 0.022256 0.059167
201 0.516692 0.498333 0.964593 0.025000
201 0.502529 0.331250 0.986849 0.024167
26 0.991654 0.364167 0.016692 0.056667
200 0.634547 0.239583 0.718766 0.107500
159 0.056399 0.325833 0.020738 0.030000
26 0.993171 0.375833 0.013657 0.058333
24 0.993424 0.730833 0.013151 0.036667
26 0.251138 0.553750 0.025797 0.082500
24 0.991654 0.517917 0.016692 0.062500
26 0.993677 0.622083 0.012645 0.067500
200 0.347243 0.947083 0.219019 0.105833
200 0.588012 0.938333 0.691452 0.123333
