93 0.314529 0.801250 0.082003 0.157500
120 0.578151 0.224167 0.155751 0.051667
120 0.767749 0.968333 0.204733 0.063333
24 0.519813 0.328333 0.069895 0.083333
86 0.160429 0.461667 0.056687 0.240000
86 0.344524 0.455000 0.055036 0.243333
61 0.437534 0.457500 0.077050 0.253333
86 0.787837 0.462500 0.040176 0.258333
86 0.874794 0.457917 0.040176 0.222500
93 0.314529 0.038333 0.063291 0.076667
16 0.011833 0.552500 0.023665 0.101667
16 0.011833 0.460000 0.023665 0.078333
16 0.011833 0.629167 0.023665 0.066667
16 0.012383 0.379167 0.024766 0.086667
199 0.377270 0.972917 0.228398 0.054167
201 0.551734 0.537500 0.072097 0.035000
73 0.551183 0.007917 0.020363 0.015833
73 0.479912 0.007917 0.026417 0.015833
