40 0.576660 0.897912 0.015625 0.034803
95 0.407471 0.091067 0.055176 0.182135
34 0.510742 0.874710 0.059570 0.083527
69 0.211182 0.360789 0.048340 0.229698
84 0.709473 0.451856 0.053711 0.047564
5 0.111084 0.491299 0.095215 0.634571
71 0.503418 0.027842 0.048828 0.055684
141 0.101562 0.024362 0.077148 0.048724
93 0.346680 0.054524 0.023438 0.083527
136 0.011230 0.500000 0.022461 1.000000
94 0.373779 0.074826 0.035645 0.089327
24 0.584717 0.058005 0.026855 0.078886
199 0.425293 0.939675 0.081055 0.046404
