95 0.415039 0.132042 0.051758 0.181925
120 0.846924 0.286385 0.192871 0.150235
120 0.832031 0.965962 0.151367 0.068075
120 0.613770 0.279343 0.173828 0.131455
24 0.510010 0.678404 0.048340 0.096244
24 0.927734 0.674296 0.047852 0.095070
26 0.773926 0.377934 0.047852 0.086854
69 0.217773 0.384977 0.044922 0.225352
69 0.266357 0.521714 0.041504 0.193662
69 0.312988 0.343310 0.041992 0.205399
69 0.360596 0.499413 0.043457 0.196009
109 0.460449 0.079812 0.014648 0.159624
26 0.689941 0.377934 0.046875 0.096244
73 0.264160 0.006455 0.010742 0.012911
172 0.317627 0.970657 0.028809 0.058685
26 0.587402 0.547535 0.045898 0.083333
182 0.851318 0.555751 0.054199 0.066901
69 0.101318 0.508216 0.062988 0.361502
185 0.045166 0.944836 0.033691 0.107981
182 0.849365 0.546948 0.048340 0.065728
26 0.514404 0.123826 0.043457 0.097418
1 0.787598 0.426056 0.086914 0.018779
199 0.620605 0.975352 0.138672 0.049296
