95 0.184570 0.821330 0.030273 0.235457
93 0.261719 0.173130 0.023438 0.163435
24 0.232666 0.671745 0.021973 0.096953
24 0.231445 0.900277 0.020508 0.094183
86 0.573486 0.440443 0.021973 0.199446
183 0.135986 0.486150 0.022949 0.052632
109 0.203369 0.513850 0.010254 0.368421
26 0.231934 0.455679 0.021484 0.085873
24 0.232910 0.966759 0.019531 0.066482
26 0.232178 0.545706 0.020996 0.088643
200 0.130615 0.988920 0.206543 0.022161
109 0.204834 0.934903 0.012207 0.130194
182 0.739014 0.671745 0.015137 0.030471
