40 0.576660 0.143360 0.014648 0.031187
120 0.417480 0.757042 0.100586 0.047284
32 0.510742 0.536217 0.059570 0.072435
34 0.509277 0.680080 0.059570 0.072435
69 0.209717 0.381791 0.048340 0.206237
69 0.254639 0.503521 0.038574 0.196177
69 0.304688 0.333501 0.044922 0.200201
69 0.356445 0.455734 0.044922 0.203219
8 0.114502 0.398893 0.111816 0.274648
141 0.099121 0.030684 0.071289 0.061368
201 0.425293 0.178571 0.082031 0.035211
32 0.509521 0.097586 0.058105 0.052314
184 0.995605 0.930080 0.008789 0.125755
183 0.497314 0.030684 0.066895 0.021127
34 0.511230 0.125252 0.057617 0.057344
16 0.134766 0.970322 0.032227 0.055332
32 0.509766 0.125755 0.058594 0.060362
