26 0.866604 0.802083 0.086443 0.085833
26 0.870336 0.035417 0.087687 0.069167
26 0.282338 0.634583 0.032338 0.084167
93 0.133396 0.109583 0.067786 0.157500
93 0.147077 0.880833 0.092662 0.158333
120 0.742848 0.826250 0.273010 0.170833
120 0.753109 0.066667 0.252488 0.133333
28 0.181903 0.666667 0.074005 0.083333
28 0.622201 0.666667 0.074005 0.083333
200 0.349502 0.767083 0.318408 0.115833
1 0.869403 0.740417 0.129353 0.020833
200 0.370336 0.745000 0.381219 0.161667
199 0.372823 0.025417 0.320274 0.050833
