95 0.415771 0.819249 0.074707 0.220657
24 0.579834 0.504695 0.044434 0.098592
24 0.496094 0.340962 0.045898 0.090376
24 0.498291 0.508216 0.045410 0.096244
69 0.201904 0.329225 0.043457 0.217136
69 0.250244 0.467723 0.043457 0.252347
69 0.299561 0.288732 0.048340 0.225352
69 0.351318 0.427817 0.041504 0.212441
86 0.672852 0.413146 0.033203 0.208920
86 0.581055 0.736502 0.030273 0.188967
86 0.666992 0.710094 0.025391 0.225352
85 0.767090 0.471831 0.061523 0.051643
141 0.109375 0.488850 0.094727 0.620892
70 0.497559 0.067488 0.063477 0.076291
71 0.503418 0.774061 0.049805 0.059859
74 0.580322 0.424883 0.042480 0.018779
136 0.011230 0.497653 0.022461 0.995305
71 0.497559 0.067488 0.063477 0.076291
141 0.119873 0.972418 0.080566 0.055164
94 0.370605 0.818662 0.039062 0.090376
1 0.506592 0.424883 0.073730 0.018779
115 0.598877 0.268192 0.012207 0.071596
71 0.488525 0.798709 0.047363 0.017606
