95 0.397949 0.896755 0.071289 0.190757
24 0.507324 0.441986 0.048828 0.071780
24 0.508545 0.583088 0.049316 0.068830
26 0.509277 0.818092 0.042969 0.076696
69 0.215332 0.447394 0.037109 0.175025
69 0.264648 0.548181 0.038086 0.187807
69 0.305420 0.391347 0.043457 0.137660
69 0.360596 0.524582 0.033691 0.154376
86 0.581787 0.556539 0.031738 0.184857
86 0.681152 0.561455 0.030273 0.202557
85 0.758789 0.561455 0.058594 0.047198
141 0.115967 0.570305 0.092285 0.525074
109 0.453613 0.635693 0.027344 0.469027
201 0.416992 0.129302 0.100586 0.048181
