24 0.134521 0.697126 0.062012 0.079587
26 0.847412 0.654016 0.058105 0.071481
26 0.244629 0.659912 0.046875 0.065586
24 0.178955 0.482682 0.049316 0.058954
93 0.035156 0.859248 0.051758 0.114959
30 0.361084 0.655859 0.049316 0.061901
30 0.596436 0.655859 0.049316 0.061901
63 0.061768 0.703021 0.057129 0.176861
63 0.192871 0.651069 0.051758 0.179071
201 0.311523 0.745026 0.109375 0.042741
200 0.261719 0.822034 0.253906 0.075903
200 0.743652 0.803611 0.307617 0.068534
199 0.182373 0.761975 0.104004 0.060427
200 0.739746 0.854090 0.295898 0.041268
182 0.592041 0.738025 0.076660 0.028740
184 0.010254 0.495578 0.020508 0.260133
24 0.178711 0.435888 0.051758 0.065586
200 0.260742 0.861828 0.264648 0.047900
93 0.072998 0.030582 0.062012 0.061164
71 0.073730 0.014370 0.064453 0.028740
200 0.469971 0.982314 0.200684 0.035372
159 0.290771 0.646279 0.020996 0.047163
