93 0.314607 0.682762 0.037128 0.123572
93 0.324377 0.056075 0.053737 0.112150
32 0.390816 0.374351 0.050806 0.063344
67 0.188569 0.433022 0.040059 0.170301
84 0.639472 0.621495 0.066439 0.042575
5 0.118710 0.452233 0.096727 0.543094
200 0.462384 0.043614 0.185149 0.087227
200 0.826820 0.058152 0.198828 0.051921
200 0.826331 0.022326 0.184172 0.044652
200 0.630435 0.930426 0.528090 0.139148
199 0.622374 0.933541 0.542257 0.132918
200 0.461895 0.085670 0.183195 0.032191
24 0.925989 0.992212 0.035662 0.015576
