24 0.121582 0.699734 0.058594 0.085031
26 0.232422 0.666962 0.048828 0.085031
30 0.345459 0.656333 0.040527 0.062002
30 0.595947 0.656333 0.040527 0.062002
63 0.063477 0.709920 0.046875 0.215235
63 0.183594 0.672276 0.049805 0.193091
71 0.850098 0.813552 0.047852 0.078831
201 0.282959 0.759079 0.091309 0.044287
182 0.596436 0.739150 0.069824 0.036315
26 0.852295 0.658105 0.047363 0.063773
93 0.052490 0.879097 0.068848 0.116032
199 0.166992 0.794508 0.114258 0.051373
71 0.863770 0.813109 0.074219 0.079717
24 0.242432 0.441541 0.044434 0.057573
