32 0.393799 0.563113 0.042480 0.062500
8 0.088379 0.487745 0.096680 0.272059
141 0.103271 0.026961 0.061035 0.053922
32 0.394531 0.916667 0.045898 0.071078
197 0.403076 0.285539 0.060059 0.120098
24 0.016113 0.442402 0.027344 0.073529
1 0.803711 0.447917 0.042969 0.013480
24 0.014648 0.561275 0.028320 0.066176
26 0.015869 0.500613 0.027832 0.077206
26 0.014160 0.619485 0.027344 0.055147
26 0.014648 0.333946 0.025391 0.040441
26 0.013916 0.272672 0.023926 0.045343
26 0.014893 0.373775 0.025879 0.053922
