24 0.017090 0.278443 0.012695 0.149701
61 0.030518 0.425150 0.006348 0.407186
26 0.041748 0.446108 0.012207 0.137725
120 0.042480 0.164671 0.049805 0.149701
24 0.062012 0.386228 0.013672 0.149701
61 0.092285 0.224551 0.006836 0.413174
26 0.105225 0.209581 0.013184 0.143713
63 0.120117 0.413174 0.011719 0.359281
120 0.133789 0.125749 0.047852 0.155689
24 0.134766 0.389222 0.012695 0.143713
26 0.157471 0.323353 0.013184 0.131737
24 0.194336 0.176647 0.013672 0.137725
63 0.210205 0.338323 0.011230 0.341317
26 0.226807 0.329341 0.012207 0.119760
120 0.227051 0.062874 0.064453 0.125749
61 0.242676 0.299401 0.007812 0.562874
61 0.247314 0.365269 0.008301 0.586826
24 0.257080 0.269461 0.013184 0.131737
61 0.287109 0.230539 0.006836 0.461078
95 0.289795 0.850299 0.022949 0.275449
61 0.289795 0.275449 0.009277 0.550898
30 0.302734 0.200599 0.014648 0.149701
40 0.319336 0.218563 0.005859 0.101796
28 0.372559 0.176647 0.014648 0.149701
40 0.390625 0.143713 0.006836 0.071856
30 0.447754 0.107784 0.015625 0.155689
40 0.460205 0.137725 0.008301 0.059880
40 0.463867 0.137725 0.009766 0.059880
28 0.518311 0.065868 0.015137 0.131737
40 0.533691 0.035928 0.007812 0.059880
61 0.580566 0.239521 0.010742 0.479042
30 0.598389 0.197605 0.014160 0.143713
40 0.616455 0.227545 0.006348 0.083832
28 0.676270 0.167665 0.016602 0.155689
59 0.697998 0.188623 0.009277 0.353293
26 0.712646 0.209581 0.013184 0.143713
28 0.749512 0.263473 0.014648 0.155689
24 0.784668 0.266467 0.013672 0.137725
30 0.820557 0.200599 0.014160 0.149701
40 0.840332 0.227545 0.006836 0.083832
30 0.916748 0.535928 0.015137 0.161677
40 0.931396 0.532934 0.006348 0.083832
26 0.006476 0.015642 0.012952 0.031285
24 0.186454 0.332402 0.028602 0.048045
24 0.986508 0.465363 0.022666 0.099441
24 0.983270 0.378771 0.030221 0.075978
24 0.983270 0.588268 0.031301 0.101676
26 0.007825 0.435754 0.015650 0.051397
24 0.800324 0.277095 0.028063 0.058101
24 0.702105 0.437989 0.026983 0.118436
24 0.985969 0.257542 0.025904 0.110615
24 0.987048 0.491620 0.023745 0.071508
24 0.589045 0.640782 0.035078 0.094972
24 0.312466 0.468715 0.037777 0.139665
26 0.006476 0.025140 0.012952 0.048045
24 0.008095 0.358659 0.016190 0.049162
24 0.007555 0.713408 0.015111 0.074860
26 0.007825 0.553073 0.015650 0.053631
24 0.801133 0.307821 0.027523 0.117318
24 0.984889 0.706145 0.023745 0.075978
24 0.872099 0.755866 0.028063 0.103911
24 0.705882 0.044693 0.026983 0.044693
26 0.007825 0.573743 0.015650 0.056983
26 0.007285 0.682682 0.014571 0.042458
24 0.008095 0.576536 0.016190 0.060335
24 0.870480 0.648045 0.037777 0.116201
24 0.378575 0.479888 0.022126 0.039106
24 0.342148 0.486592 0.020507 0.048045
24 0.303832 0.367598 0.021587 0.051397
24 0.983540 0.389944 0.031840 0.105028
24 0.389369 0.678771 0.027523 0.157542
26 0.345386 0.446369 0.025904 0.065922
26 0.583108 0.569832 0.022126 0.049162
24 0.379115 0.489944 0.022126 0.059218
24 0.185645 0.482123 0.023745 0.052514
26 0.007285 0.674860 0.014571 0.044693
24 0.186454 0.345251 0.029682 0.078212
24 0.582839 0.592737 0.021587 0.048045
24 0.983001 0.390503 0.030761 0.155307
24 0.137615 0.290503 0.048570 0.046927
24 0.583918 0.503352 0.030221 0.059218
24 0.677280 0.027374 0.022666 0.054749
24 0.805451 0.449162 0.019968 0.138547
24 0.986508 0.474860 0.022666 0.149721
26 0.185915 0.304469 0.029682 0.043575
24 0.984080 0.691620 0.024285 0.105028
