87 0.222648 0.185475 0.064551 0.044693
87 0.666302 0.179330 0.083151 0.059218
186 0.716630 0.274860 0.126915 0.256983
73 0.983042 0.012291 0.033917 0.024581
182 0.640044 0.754190 0.155361 0.078212
24 0.971554 0.293855 0.056893 0.172067
24 0.970460 0.258659 0.059081 0.099441
24 0.971554 0.369832 0.056893 0.326257
185 0.274070 0.285475 0.125821 0.222346
109 0.978118 0.474860 0.043764 0.498324
185 0.712254 0.277654 0.135667 0.253631
184 0.278993 0.286034 0.115974 0.227933
1 0.197484 0.279888 0.390591 0.025698
1 0.240700 0.391620 0.207877 0.030168
26 0.931619 0.675419 0.132385 0.139665
