208 0.010650 0.407222 0.021300 0.072222
24 0.110322 0.294444 0.078646 0.124444
24 0.130257 0.294444 0.038777 0.124444
26 0.293009 0.197778 0.074823 0.091111
208 0.459312 0.385556 0.034954 0.068889
208 0.460131 0.612778 0.037684 0.070000
26 0.562534 0.370556 0.056800 0.065556
24 0.786182 0.257222 0.079192 0.096667
24 0.787275 0.294444 0.079192 0.113333
24 0.792736 0.238333 0.060623 0.061111
208 0.990989 0.523333 0.018023 0.377778
184 0.011469 0.622222 0.022938 0.237778
109 0.267067 0.440000 0.039323 0.357778
24 0.009285 0.296667 0.018569 0.117778
