43 0.028809 0.547904 0.018555 0.113772
24 0.047363 0.269461 0.026367 0.143713
24 0.355469 0.616766 0.027344 0.155689
26 0.355957 0.205090 0.024414 0.140719
26 0.434570 0.203593 0.026367 0.143713
24 0.437500 0.615269 0.028320 0.152695
208 0.493896 0.464072 0.020020 0.401198
208 0.496582 0.592814 0.022461 0.658683
26 0.545410 0.208084 0.026367 0.152695
43 0.545410 0.729042 0.027344 0.188623
26 0.548096 0.435629 0.029785 0.128743
40 0.586426 0.170659 0.011719 0.077844
208 0.996094 0.564371 0.006836 0.607784
24 0.098192 0.628508 0.031265 0.098966
24 0.885442 0.617430 0.058134 0.147710
24 0.096727 0.511817 0.037128 0.107829
24 0.719345 0.620384 0.059111 0.147710
24 0.083048 0.511817 0.064485 0.107829
26 0.720322 0.205318 0.053249 0.132939
24 0.095994 0.275480 0.055203 0.128508
26 0.880801 0.201625 0.054714 0.125554
24 0.006351 0.611521 0.012702 0.103397
24 0.104055 0.275480 0.039082 0.125554
24 0.006106 0.720089 0.012213 0.152142
24 0.880801 0.200886 0.053737 0.127031
26 0.893014 0.618168 0.042990 0.146233
26 0.005618 0.334564 0.011236 0.146233
1 0.720078 0.972674 0.048852 0.010340
