24 0.009521 0.112132 0.019043 0.143382
24 0.009766 0.277574 0.019531 0.165441
86 0.080811 0.450368 0.016113 0.349265
26 0.129883 0.202206 0.020508 0.132353
26 0.130371 0.424632 0.022461 0.136029
86 0.205322 0.444853 0.016113 0.352941
24 0.247559 0.261029 0.021484 0.139706
26 0.248535 0.433824 0.020508 0.117647
86 0.323975 0.441176 0.017090 0.382353
24 0.373535 0.108456 0.023438 0.150735
24 0.374023 0.273897 0.022461 0.150735
26 0.495117 0.194853 0.020508 0.132353
26 0.495605 0.306985 0.022461 0.158088
208 0.545166 0.544118 0.013184 0.404412
86 0.567871 0.437500 0.018555 0.345588
26 0.630371 0.207721 0.020508 0.143382
24 0.630859 0.608456 0.022461 0.165441
142 0.723877 0.207721 0.015137 0.113971
24 0.763916 0.134191 0.023926 0.150735
24 0.789551 0.148897 0.020508 0.143382
24 0.814697 0.150735 0.022949 0.154412
24 0.864746 0.279412 0.021484 0.147059
47 0.881348 0.180147 0.016602 0.360294
26 0.925537 0.224265 0.020996 0.132353
26 0.951172 0.227941 0.020508 0.139706
26 0.977051 0.233456 0.021484 0.143382
208 0.996826 0.345588 0.006348 0.691176
143 0.287109 0.433824 0.073242 0.375000
109 0.052979 0.494485 0.011230 0.459559
143 0.277100 0.435662 0.043457 0.371324
109 0.420654 0.477941 0.011230 0.485294
26 0.699951 0.064338 0.025879 0.121324
109 0.122070 0.558824 0.010742 0.529412
184 0.445312 0.430147 0.017578 0.338235
184 0.002930 0.457721 0.005859 0.400735
1 0.017822 0.375000 0.029785 0.029412
109 0.445312 0.424632 0.017578 0.327206
34 0.740479 0.216912 0.024902 0.125000
1 0.015381 0.490809 0.029785 0.040441
24 0.733154 0.387868 0.009277 0.113971
109 0.366455 0.424632 0.010254 0.503676
26 0.722168 0.428309 0.012695 0.128676
173 0.741211 0.250000 0.023438 0.183824
26 0.702393 0.444853 0.022949 0.147059
26 0.723389 0.292279 0.014160 0.113971
24 0.881836 0.397059 0.019531 0.125000
1 0.014893 0.597426 0.029785 0.033088
