5 0.135742 0.253600 0.039062 0.264000
59 0.213867 0.472800 0.036133 0.171200
24 0.435059 0.476800 0.050781 0.124800
26 0.532471 0.553600 0.044434 0.080000
26 0.587402 0.452000 0.046875 0.084800
24 0.643555 0.480800 0.049805 0.126400
24 0.816650 0.588800 0.045410 0.102400
24 0.872803 0.481600 0.043457 0.108800
24 0.873779 0.528000 0.041504 0.102400
26 0.941406 0.545600 0.050781 0.108800
26 0.394737 0.405587 0.789474 0.067039
26 0.394737 0.318994 0.789474 0.059218
26 0.394737 0.772067 0.789474 0.058101
26 0.400000 0.703911 0.800000 0.082682
26 0.405263 0.574860 0.810526 0.070391
26 0.410526 0.925140 0.821053 0.111732
26 0.410526 0.946369 0.821053 0.107263
26 0.394737 0.818994 0.789474 0.067039
26 0.394737 0.343575 0.789474 0.072626
26 0.400000 0.237430 0.800000 0.065922
26 0.400000 0.850279 0.800000 0.067039
26 0.389474 0.187151 0.778947 0.065922
26 0.384211 0.154190 0.768421 0.080447
26 0.394737 0.647486 0.789474 0.077095
26 0.394737 0.588827 0.789474 0.096089
24 0.405263 0.254749 0.810526 0.069274
