87 0.101318 0.513699 0.010254 0.219178
26 0.172607 0.554795 0.011230 0.136986
43 0.176025 0.260274 0.015137 0.342466
24 0.312500 0.705479 0.011719 0.150685
26 0.312500 0.123288 0.013672 0.219178
49 0.320312 0.486301 0.007812 0.410959
87 0.338379 0.486301 0.011719 0.219178
87 0.397217 0.489726 0.011230 0.226027
120 0.562256 0.934932 0.068848 0.130137
80 0.617920 0.113014 0.027832 0.198630
80 0.619141 0.945205 0.018555 0.109589
80 0.620361 0.739726 0.023926 0.178082
87 0.641846 0.500000 0.012207 0.246575
84 0.942627 0.428082 0.011230 0.047945
26 0.099854 0.028169 0.016113 0.056338
26 0.139893 0.310865 0.014160 0.082495
26 0.095703 0.029175 0.023438 0.058350
26 0.076416 0.030181 0.027832 0.060362
26 0.048584 0.602616 0.013184 0.038229
26 0.138916 0.454728 0.014160 0.100604
24 0.083496 0.388330 0.034180 0.108652
26 0.089355 0.593561 0.018555 0.060362
24 0.117432 0.363179 0.022949 0.086519
24 0.120117 0.386318 0.022461 0.072435
24 0.115234 0.293763 0.024414 0.056338
24 0.023682 0.280684 0.038574 0.074447
26 0.055664 0.713280 0.026367 0.038229
24 0.589600 0.590543 0.033691 0.078471
1 0.085205 0.056338 0.026855 0.008048
26 0.587646 0.179074 0.019043 0.056338
24 0.024414 0.182093 0.038086 0.086519
24 0.023438 0.510060 0.041016 0.110664
24 0.065918 0.618712 0.024414 0.066398
24 0.114990 0.304829 0.023926 0.066398
