24 0.088847 0.527778 0.086957 0.086667
24 0.090422 0.475556 0.092628 0.088889
24 0.111846 0.511111 0.048519 0.093333
26 0.295526 0.538889 0.093258 0.102222
24 0.462823 0.426111 0.056081 0.501111
61 0.532136 0.605556 0.052300 0.064444
24 0.613737 0.577222 0.085696 0.072222
26 0.802457 0.527222 0.090107 0.078889
208 0.990548 0.407778 0.018904 0.375556
24 0.618288 0.390000 0.075492 0.142222
26 0.825093 0.343889 0.078682 0.116667
185 0.391281 0.591111 0.060606 0.264444
73 0.594099 0.008333 0.010101 0.016667
