122 0.281006 0.141851 0.121582 0.142857
28 0.350586 0.734406 0.041016 0.140845
28 0.352783 0.809859 0.050293 0.307847
30 0.358154 0.338028 0.043457 0.156942
40 0.396484 0.670020 0.014648 0.072435
40 0.402344 0.341046 0.015625 0.074447
122 0.476562 0.930584 0.204102 0.138833
122 0.496582 0.158954 0.207031 0.152918
208 0.535156 0.626761 0.021484 0.694165
28 0.600342 0.746479 0.045410 0.160966
30 0.600586 0.335010 0.046875 0.146881
40 0.654785 0.331992 0.017578 0.084507
208 0.780273 0.503018 0.029297 0.474849
24 0.839600 0.727364 0.040527 0.130785
24 0.839355 0.344064 0.037109 0.132797
86 0.897705 0.458753 0.033691 0.346076
86 0.948486 0.465795 0.027832 0.360161
26 0.495614 0.802793 0.921053 0.056983
26 0.513158 0.850279 0.921053 0.118436
