5 0.084961 0.524800 0.028320 0.057600
84 0.504150 0.420800 0.049316 0.044800
208 0.686279 0.413600 0.025879 0.203200
208 0.686523 0.552000 0.027344 0.307200
84 0.817139 0.422400 0.047363 0.041600
84 0.817871 0.385600 0.053711 0.041600
26 0.326316 0.398883 0.652632 0.053631
26 0.326316 0.154749 0.652632 0.065922
26 0.331579 0.326816 0.663158 0.063687
24 0.342105 0.228492 0.684211 0.054749
24 0.336842 0.196089 0.673684 0.056983
26 0.336842 0.096648 0.673684 0.070391
26 0.331579 0.435754 0.663158 0.058101
26 0.326316 0.517877 0.652632 0.054749
24 0.363158 0.951955 0.726316 0.093855
26 0.326316 0.691061 0.652632 0.059218
26 0.347368 0.274302 0.694737 0.063687
26 0.331579 0.469832 0.663158 0.059218
26 0.331579 0.344693 0.663158 0.065922
26 0.326316 0.563128 0.652632 0.058101
26 0.326316 0.835754 0.652632 0.100559
26 0.326316 0.770391 0.652632 0.059218
26 0.326316 0.652514 0.652632 0.062570
