208 0.016847 0.289944 0.033694 0.068156
24 0.126354 0.286034 0.250301 0.084916
24 0.603490 0.100559 0.164862 0.073743
26 0.862214 0.264804 0.039711 0.042458
24 0.603352 0.422346 0.151955 0.149721
24 0.219553 0.538547 0.157542 0.147486
200 0.607821 0.159218 0.784358 0.313966
26 0.417877 0.467598 0.163128 0.124022
26 0.975978 0.363687 0.048045 0.128492
26 0.978212 0.466480 0.043575 0.110615
26 0.776536 0.368156 0.165363 0.132961
1 0.802793 0.645251 0.378771 0.027933
1 0.844134 0.642458 0.293855 0.026816
1 0.797765 0.533520 0.379888 0.030168
26 0.978771 0.600559 0.042458 0.106145
109 0.722346 0.595531 0.065922 0.370950
24 0.976536 0.769274 0.046927 0.083799
1 0.965363 0.422905 0.058101 0.027933
1 0.911732 0.308939 0.176536 0.025698
26 0.977095 0.693855 0.045810 0.098324
1 0.957542 0.544134 0.084916 0.046927
1 0.665363 0.315642 0.600000 0.032402
