26 0.017090 0.227545 0.011719 0.131737
86 0.041992 0.464072 0.009766 0.353293
86 0.060547 0.449102 0.009766 0.347305
26 0.106934 0.218563 0.012695 0.149701
86 0.135742 0.458084 0.010742 0.365269
86 0.156738 0.464072 0.010742 0.365269
26 0.199951 0.212575 0.012207 0.137725
86 0.227295 0.461078 0.011230 0.371257
86 0.255615 0.449102 0.010254 0.335329
95 0.298096 0.829341 0.025879 0.317365
26 0.300537 0.212575 0.012207 0.137725
26 0.319580 0.212575 0.013184 0.137725
26 0.338379 0.206587 0.012695 0.137725
30 0.374268 0.200599 0.014160 0.149701
40 0.389893 0.224551 0.008301 0.089820
26 0.446289 0.209581 0.012695 0.131737
26 0.463379 0.215569 0.012695 0.143713
26 0.486084 0.230539 0.012207 0.137725
30 0.522705 0.206587 0.014160 0.149701
40 0.540039 0.227545 0.007812 0.083832
26 0.599365 0.206587 0.012207 0.137725
26 0.621094 0.209581 0.011719 0.131737
26 0.638672 0.206587 0.012695 0.137725
30 0.681396 0.197605 0.014160 0.155689
40 0.697266 0.167665 0.006836 0.107784
26 0.748291 0.074850 0.012207 0.149701
122 0.759766 0.973054 0.020508 0.053892
24 0.766602 0.134731 0.013672 0.137725
26 0.784912 0.203593 0.012207 0.143713
72 0.787354 0.062874 0.004395 0.053892
208 0.803711 0.559880 0.008789 0.640719
28 0.824219 0.251497 0.015625 0.143713
40 0.840332 0.218563 0.006836 0.101796
61 0.904053 0.688623 0.007324 0.455090
62 0.903809 0.305389 0.008789 0.407186
24 0.917969 0.700599 0.012695 0.155689
26 0.918213 0.413174 0.013184 0.131737
26 0.918213 0.299401 0.013184 0.119760
86 0.941650 0.428144 0.010254 0.401198
86 0.968262 0.416168 0.010742 0.377246
26 0.005127 0.982123 0.010254 0.033520
24 0.625202 0.434078 0.031840 0.101676
26 0.005936 0.345810 0.011873 0.050279
24 0.349703 0.393296 0.022666 0.055866
200 0.152455 0.206704 0.051268 0.096089
24 0.005666 0.482682 0.011333 0.051397
26 0.006206 0.336872 0.012412 0.056983
26 0.005397 0.563128 0.010793 0.044693
24 0.004317 0.450838 0.008635 0.034637
26 0.005936 0.358101 0.011873 0.043575
24 0.324339 0.365363 0.022666 0.125140
24 0.776039 0.337430 0.026983 0.096089
26 0.071775 0.824581 0.050729 0.058101
26 0.004857 0.790503 0.009714 0.039106
24 0.619266 0.617877 0.021047 0.096089
24 0.130059 0.726816 0.020507 0.148603
26 0.005397 0.686034 0.010793 0.049162
26 0.005397 0.569832 0.010793 0.046927
26 0.130059 0.272067 0.032380 0.056983
24 0.428225 0.611732 0.024285 0.056983
24 0.798975 0.558659 0.032920 0.044693
24 0.005397 0.588827 0.010793 0.042458
