208 0.007572 0.615611 0.015144 0.076583
24 0.107230 0.364507 0.050318 0.092784
24 0.112848 0.525773 0.034196 0.091311
24 0.117733 0.961708 0.056668 0.070692
137 0.236444 0.975700 0.083048 0.039764
24 0.236932 0.439617 0.046898 0.098675
24 0.238153 0.392489 0.052272 0.081001
24 0.238886 0.364507 0.047875 0.092784
24 0.239375 0.507364 0.048852 0.128130
24 0.239375 0.947717 0.048852 0.095729
24 0.382511 0.719440 0.049829 0.098675
43 0.386419 0.830633 0.036150 0.088365
26 0.414753 0.457290 0.049829 0.075110
26 0.415242 0.332106 0.048852 0.095729
208 0.993894 0.588365 0.012213 0.237113
171 0.056668 0.505891 0.029311 0.431517
201 0.500000 0.446244 1.000000 0.129602
201 0.500000 0.466127 1.000000 0.089838
201 0.500000 0.264359 1.000000 0.057437
184 0.218124 0.650221 0.017098 0.204713
201 0.500000 0.482327 1.000000 0.060383
201 0.500000 0.713549 1.000000 0.054492
170 0.094284 0.669367 0.030288 0.478645
201 0.500000 0.671576 1.000000 0.135493
