59 0.013434 0.515571 0.026869 0.138408
59 0.043234 0.333910 0.037616 0.117647
43 0.206644 0.739619 0.059599 0.147059
26 0.215437 0.439446 0.033219 0.079585
26 0.220078 0.293253 0.043478 0.105536
26 0.362970 0.334775 0.045921 0.129758
24 0.515144 0.412630 0.044455 0.129758
24 0.515633 0.371972 0.044455 0.100346
43 0.537128 0.042388 0.054226 0.081315
24 0.755984 0.486159 0.045432 0.124567
24 0.871764 0.486159 0.045432 0.121107
26 0.549340 0.108997 0.032731 0.093426
200 0.307767 0.049308 0.152418 0.074394
26 0.539082 0.111592 0.053249 0.091696
1 0.012946 0.628028 0.025892 0.031142
26 0.795310 0.869377 0.123107 0.088235
200 0.315340 0.948097 0.152907 0.093426
