5 0.119873 0.591549 0.036621 0.112676
59 0.178467 0.443662 0.030762 0.323944
59 0.218018 0.625755 0.015137 0.096579
26 0.354492 0.464789 0.048828 0.116700
137 0.361572 0.141851 0.062012 0.046278
26 0.364746 0.572435 0.030273 0.118712
24 0.367188 0.044266 0.036133 0.088531
24 0.368652 0.134809 0.033203 0.136821
208 0.996826 0.581489 0.006348 0.136821
170 0.253662 0.363179 0.028809 0.307847
159 0.422852 0.097586 0.014648 0.070423
171 0.205322 0.426559 0.027832 0.470825
1 0.359375 0.405433 0.068359 0.022133
171 0.205078 0.349095 0.028320 0.392354
1 0.299316 0.523139 0.045898 0.028169
26 0.021240 0.680080 0.035645 0.140845
24 0.996582 0.483903 0.006836 0.094567
