59 0.081055 0.451439 0.016602 0.291367
59 0.094971 0.311151 0.016113 0.305755
59 0.108154 0.510791 0.018066 0.323741
24 0.164062 0.307554 0.021484 0.140288
120 0.178955 0.241007 0.037598 0.151079
26 0.190918 0.370504 0.021484 0.107914
24 0.214111 0.532374 0.022949 0.158273
72 0.216064 0.383094 0.008301 0.068345
24 0.237305 0.633094 0.024414 0.151079
72 0.240479 0.451439 0.007324 0.053957
32 0.283691 0.402878 0.023438 0.151079
120 0.293213 0.575540 0.038574 0.129496
34 0.306152 0.469424 0.022461 0.154676
26 0.330566 0.568345 0.022461 0.136691
34 0.353027 0.687050 0.021484 0.129496
208 0.359375 0.455036 0.042969 0.154676
26 0.402588 0.465827 0.020996 0.133094
120 0.415771 0.665468 0.037598 0.086331
24 0.427734 0.516187 0.020508 0.147482
73 0.448486 0.827338 0.009277 0.050360
24 0.448975 0.620504 0.021973 0.161871
24 0.473389 0.737410 0.022949 0.151079
73 0.473145 0.859712 0.008789 0.064748
73 0.473145 0.886691 0.008789 0.068345
26 0.528076 0.924460 0.021973 0.143885
47 0.542969 0.645683 0.021484 0.399281
61 0.558838 0.187050 0.010254 0.374101
24 0.577393 0.185252 0.020020 0.154676
26 0.598145 0.113309 0.019531 0.147482
24 0.624512 0.183453 0.022461 0.158273
95 0.675049 0.755396 0.038574 0.294964
26 0.677246 0.098921 0.020508 0.154676
95 0.693115 0.732014 0.035645 0.312950
61 0.698486 0.178058 0.011230 0.356115
24 0.719238 0.160072 0.021484 0.147482
26 0.743652 0.088129 0.020508 0.140288
24 0.770264 0.154676 0.024902 0.151079
208 0.798340 0.748201 0.019531 0.503597
26 0.818848 0.089928 0.020508 0.143885
72 0.843750 0.818345 0.005859 0.039568
24 0.844482 0.944245 0.024902 0.104317
24 0.845947 0.048561 0.022949 0.097122
26 0.867432 0.098921 0.020020 0.147482
72 0.870850 0.906475 0.007324 0.050360
59 0.885986 0.115108 0.014160 0.230216
24 0.908203 0.149281 0.022461 0.147482
72 0.908447 0.937050 0.006348 0.046763
72 0.908936 0.008993 0.005371 0.017986
24 0.962158 0.145683 0.023926 0.147482
120 0.977295 0.057554 0.038574 0.115108
120 0.981201 0.956835 0.035645 0.086331
26 0.984131 0.221223 0.020996 0.140288
200 0.191895 0.843525 0.075195 0.241007
200 0.326172 0.181655 0.070312 0.212230
200 0.446289 0.224820 0.075195 0.226619
109 0.735840 0.347122 0.007812 0.399281
1 0.756592 0.624101 0.020020 0.032374
159 0.330078 0.669065 0.007812 0.064748
141 0.052490 0.517986 0.045410 0.798561
109 0.761963 0.374101 0.008301 0.388489
109 0.648682 0.634892 0.010254 0.730216
109 0.860107 0.309353 0.011230 0.460432
201 0.870605 0.976619 0.017578 0.039568
109 0.338379 0.334532 0.008789 0.431655
26 0.489502 0.429856 0.024902 0.298561
173 0.370361 0.575540 0.021973 0.143885
