142 0.073242 0.640748 0.020508 0.120079
59 0.172607 0.488189 0.020020 0.291339
59 0.208740 0.375000 0.025879 0.112205
59 0.230713 0.616142 0.033691 0.149606
59 0.257568 0.447835 0.028809 0.084646
43 0.357910 0.268701 0.026367 0.108268
24 0.358398 0.461614 0.036133 0.135827
24 0.360840 0.618110 0.041992 0.118110
40 0.407959 0.538386 0.020020 0.120079
40 0.408691 0.417323 0.021484 0.066929
208 0.992920 0.554134 0.014160 0.372047
26 0.077148 0.429134 0.023438 0.086614
26 0.014404 0.785433 0.023926 0.118110
24 0.080078 0.270669 0.025391 0.072835
26 0.375244 0.228346 0.043457 0.122047
26 0.372559 0.127953 0.049805 0.137795
24 0.020508 0.255906 0.036133 0.161417
26 0.018799 0.928150 0.034668 0.131890
26 0.020508 0.563976 0.037109 0.135827
26 0.018799 0.449803 0.032715 0.124016
24 0.021240 0.604331 0.037598 0.149606
24 0.373291 0.130906 0.049316 0.139764
24 0.020264 0.306102 0.036621 0.147638
26 0.020752 0.658465 0.037598 0.143701
24 0.020752 0.224409 0.036621 0.133858
26 0.018555 0.115157 0.032227 0.131890
1 0.078125 0.379921 0.092773 0.031496
