142 0.088379 0.505600 0.025391 0.083200
59 0.249512 0.313600 0.022461 0.278400
59 0.293701 0.587200 0.036621 0.124800
24 0.435791 0.726400 0.050293 0.124800
26 0.604980 0.604000 0.048828 0.065600
208 0.691895 0.284000 0.019531 0.084800
26 0.755127 0.798400 0.047363 0.089600
24 0.890625 0.732000 0.047852 0.129600
26 0.410526 0.154749 0.821053 0.061453
26 0.494737 0.639665 0.800000 0.065922
26 0.400000 0.188268 0.800000 0.054749
26 0.436842 0.340782 0.810526 0.060335
26 0.473684 0.614525 0.821053 0.075978
26 0.405263 0.489385 0.810526 0.069274
24 0.431579 0.226257 0.821053 0.048045
26 0.421053 0.534637 0.842105 0.070391
26 0.426316 0.105587 0.852632 0.072626
26 0.431579 0.282682 0.842105 0.062570
26 0.436842 0.221788 0.810526 0.048045
26 0.405263 0.440782 0.810526 0.081564
26 0.431579 0.548603 0.863158 0.062570
