24 0.148263 0.369274 0.086849 0.090503
24 0.150744 0.227933 0.078164 0.084916
24 0.150744 0.270950 0.086849 0.092737
120 0.254653 0.103911 0.201613 0.111732
59 0.276675 0.263687 0.091811 0.303911
120 0.272022 0.868156 0.154467 0.078212
26 0.370037 0.404469 0.088710 0.113966
26 0.382134 0.268715 0.053350 0.052514
24 0.508685 0.370391 0.083127 0.103911
24 0.529467 0.494972 0.045285 0.125140
208 0.645161 0.377095 0.035980 0.121788
72 0.524504 0.210056 0.057692 0.075978
30 0.798077 0.425698 0.104839 0.134078
159 0.908189 0.529050 0.038462 0.121788
159 0.908809 0.463687 0.039702 0.105028
109 0.645161 0.602793 0.038462 0.787709
30 0.794665 0.493296 0.107940 0.264804
201 0.264888 0.526816 0.193548 0.072626
173 0.907878 0.539665 0.039082 0.107263
109 0.992246 0.290503 0.015509 0.581006
