5 0.049829 0.496454 0.043967 0.879433
59 0.090865 0.445035 0.015633 0.358156
59 0.108207 0.265957 0.015144 0.290780
59 0.124817 0.468085 0.017098 0.312057
59 0.138984 0.315603 0.017098 0.326241
59 0.155105 0.562057 0.016121 0.351064
26 0.201026 0.203901 0.019052 0.124113
24 0.229604 0.269504 0.020518 0.141844
24 0.260137 0.381206 0.018075 0.138298
61 0.279678 0.526596 0.014167 0.351064
26 0.303127 0.558511 0.021006 0.124113
24 0.330239 0.507092 0.021495 0.134752
61 0.350269 0.457447 0.013679 0.411348
24 0.370787 0.514184 0.019541 0.099291
26 0.399365 0.432624 0.021006 0.113475
24 0.427943 0.386525 0.021495 0.141844
34 0.502687 0.773050 0.029311 0.127660
30 0.756961 0.773050 0.021006 0.134752
124 0.800684 0.957447 0.098681 0.078014
120 0.826331 0.195035 0.116756 0.390071
95 0.878603 0.884752 0.024915 0.230496
30 0.887396 0.081560 0.021983 0.127660
95 0.896190 0.882979 0.028823 0.226950
24 0.253174 0.013866 0.030762 0.027732
24 0.717529 0.515498 0.049316 0.123980
182 0.208252 0.018760 0.032715 0.034258
182 0.195557 0.018760 0.017090 0.037520
24 0.437500 0.187602 0.042969 0.084829
24 0.564941 0.366232 0.044922 0.102773
24 0.437500 0.209625 0.042969 0.132137
24 0.811523 0.460033 0.024414 0.061990
24 0.808838 0.500000 0.040527 0.128874
26 0.626953 0.892333 0.029297 0.055465
24 0.497559 0.276509 0.046875 0.145188
26 0.863525 0.402936 0.028809 0.052202
26 0.635254 0.893148 0.012695 0.057096
24 0.658691 0.564437 0.046875 0.123980
26 0.437500 0.213703 0.042969 0.137031
182 0.215088 0.017945 0.019043 0.035889
26 0.608643 0.474715 0.029785 0.081566
24 0.602295 0.616639 0.019043 0.084829
24 0.939209 0.345840 0.027832 0.061990
24 0.596191 0.384176 0.017578 0.037520
24 0.083008 0.863785 0.033203 0.145188
24 0.716553 0.486949 0.047363 0.089723
24 0.009033 0.226754 0.018066 0.068515
24 0.929443 0.375204 0.049316 0.091354
24 0.930908 0.429853 0.019043 0.053834
26 0.664307 0.557912 0.035645 0.137031
26 0.011230 0.576672 0.022461 0.115824
26 0.792969 0.477977 0.018555 0.065253
26 0.630859 0.858075 0.019531 0.055465
24 0.580078 0.836868 0.024414 0.081566
24 0.562012 0.437194 0.039062 0.075041
24 0.010986 0.584829 0.021973 0.109299
24 0.805908 0.521207 0.037598 0.086460
24 0.555176 0.438010 0.024414 0.070147
24 0.716797 0.845840 0.048828 0.079935
24 0.946777 0.380914 0.016602 0.122349
26 0.725098 0.491843 0.033203 0.099511
26 0.010498 0.709625 0.020996 0.140294
26 0.765869 0.420881 0.020020 0.048940
24 0.436035 0.243067 0.044922 0.094617
24 0.338623 0.628059 0.036621 0.199021
