59 0.022217 0.456873 0.020996 0.326146
59 0.041016 0.288410 0.021484 0.301887
59 0.062012 0.491914 0.019531 0.293801
59 0.081543 0.339623 0.020508 0.312668
59 0.102539 0.563342 0.020508 0.323450
59 0.125244 0.389488 0.022949 0.299191
26 0.177734 0.557951 0.021484 0.113208
24 0.202148 0.264151 0.027344 0.118598
24 0.205322 0.497305 0.027832 0.132075
86 0.305664 0.448787 0.020508 0.336927
87 0.429443 0.498652 0.024902 0.215633
24 0.453613 0.150943 0.025391 0.129380
1 0.457031 0.149596 0.048828 0.024259
26 0.478760 0.075472 0.025879 0.107817
24 0.481445 0.272237 0.027344 0.129380
24 0.510742 0.140162 0.023438 0.123989
26 0.538330 0.064690 0.023926 0.091644
24 0.539551 0.266846 0.028320 0.129380
24 0.569092 0.169811 0.025879 0.091644
24 0.598145 0.074124 0.028320 0.121294
24 0.600586 0.265499 0.028320 0.132075
24 0.687988 0.475741 0.022461 0.121294
24 0.688721 0.605121 0.022949 0.121294
24 0.688477 0.316712 0.021484 0.142857
86 0.743408 0.452830 0.021973 0.345013
85 0.833740 0.458221 0.031738 0.075472
