208 0.007090 0.070078 0.014181 0.057842
28 0.163340 0.200222 0.035714 0.064516
137 0.176471 0.164071 0.059874 0.038932
24 0.740546 0.610122 0.078782 0.114572
26 0.758666 0.209677 0.038340 0.070078
28 0.148372 0.540601 0.080357 0.144605
159 0.224527 0.108454 0.026786 0.065628
93 0.247637 0.898220 0.079307 0.187987
201 0.499737 0.720245 0.999475 0.081201
95 0.246061 0.899333 0.078256 0.190211
201 0.499212 0.337041 0.994223 0.140156
159 0.223214 0.547831 0.027311 0.061179
201 0.499212 0.274194 0.998424 0.070078
