61 0.038905 0.237723 0.031700 0.051339
193 0.062680 0.892299 0.031700 0.050223
95 0.105548 0.976004 0.033862 0.045759
24 0.162824 0.126674 0.043228 0.047991
125 0.356268 0.859933 0.471902 0.043527
26 0.557637 0.073661 0.046110 0.049107
137 0.572767 0.154576 0.151297 0.034598
87 0.755043 0.450335 0.047550 0.063616
86 0.991715 0.301339 0.016571 0.049107
24 0.158862 0.167969 0.098703 0.139509
185 0.778818 0.507254 0.092219 0.251116
184 0.984150 0.458705 0.031700 0.370536
166 0.572767 0.351004 0.093660 0.344866
170 0.057277 0.138393 0.074207 0.276786
1 0.161744 0.164062 0.146254 0.037946
