59 0.030833 0.396089 0.048333 0.052514
59 0.095833 0.398883 0.031667 0.049162
95 0.118333 0.983799 0.031667 0.030168
95 0.209583 0.984358 0.035833 0.029050
125 0.251667 0.767039 0.116667 0.034637
30 0.269583 0.350279 0.050833 0.054749
120 0.492500 0.226816 0.503333 0.125140
120 0.672083 0.054190 0.655833 0.070391
213 0.693750 0.873184 0.057500 0.132961
95 0.107333 0.861453 0.132000 0.277095
159 0.256667 0.079330 0.033333 0.058101
24 0.772667 0.216760 0.092000 0.118436
28 0.149667 0.092737 0.095333 0.131844
1 0.148000 0.165922 0.141333 0.027933
200 0.075000 0.027933 0.063333 0.055866
159 0.165333 0.769832 0.032000 0.062570
26 0.777000 0.219553 0.082000 0.124022
