191 0.112305 0.820019 0.080078 0.126880
95 0.173340 0.813910 0.087891 0.242481
63 0.191406 0.238722 0.053711 0.184211
63 0.298096 0.295113 0.048340 0.146617
63 0.400635 0.332707 0.054199 0.197368
63 0.502441 0.390038 0.054688 0.201128
125 0.587402 0.809211 0.713867 0.176692
26 0.245605 0.243891 0.058594 0.134398
24 0.347900 0.276316 0.067871 0.124060
26 0.454102 0.343515 0.054688 0.104323
24 0.548828 0.370301 0.064453 0.125940
26 0.643066 0.253759 0.083984 0.154135
24 0.727295 0.275846 0.084473 0.132519
26 0.823730 0.324718 0.077148 0.115602
24 0.929199 0.362782 0.078125 0.110902
120 0.588623 0.131109 0.644043 0.241541
1 0.905762 0.440320 0.073242 0.014098
1 0.092773 0.596335 0.109375 0.015977
24 0.242920 0.591635 0.040527 0.085526
1 0.599854 0.444549 0.099121 0.011278
1 0.244629 0.595395 0.078125 0.012218
1 0.981445 0.436560 0.036133 0.015977
