34 0.006592 0.589212 0.013184 0.116183
32 0.074707 0.572614 0.023438 0.132780
44 0.038330 0.323651 0.066895 0.315353
44 0.220947 0.340249 0.086426 0.315353
34 0.171631 0.605809 0.028809 0.149378
32 0.265869 0.576763 0.027832 0.124481
18 0.429443 0.402490 0.025879 0.224066
20 0.431885 0.595436 0.028809 0.211618
84 0.553955 0.446058 0.035645 0.178423
84 0.840576 0.458506 0.028809 0.112033
190 0.151611 0.105809 0.025879 0.195021
124 0.195557 0.078838 0.069824 0.157676
124 0.294434 0.074689 0.078125 0.149378
