5 0.113281 0.491364 0.149414 0.668182
122 0.427246 0.485455 0.117188 0.083636
122 0.422119 0.565000 0.117676 0.068182
122 0.417725 0.787727 0.123535 0.091818
59 0.454102 0.668636 0.061523 0.179091
27 0.515381 0.541818 0.059082 0.125455
27 0.516602 0.617727 0.058594 0.113636
26 0.513916 0.695000 0.065918 0.097273
40 0.565674 0.542727 0.035645 0.087273
40 0.564941 0.609545 0.034180 0.077273
40 0.565430 0.688636 0.044922 0.071818
59 0.604492 0.502273 0.055664 0.237273
26 0.662842 0.549091 0.062988 0.120000
24 0.662354 0.663182 0.063965 0.090000
24 0.656006 0.745909 0.098145 0.115455
59 0.721191 0.610000 0.051758 0.252727
24 0.772461 0.576364 0.068359 0.105455
24 0.775146 0.652273 0.064941 0.102727
26 0.770264 0.771818 0.070801 0.116364
40 0.820557 0.565909 0.036621 0.062727
40 0.819824 0.631818 0.035156 0.069091
40 0.817871 0.785000 0.031250 0.070000
59 0.861084 0.749545 0.053223 0.222727
59 0.869629 0.531818 0.051758 0.232727
24 0.928467 0.571364 0.074707 0.115455
26 0.933350 0.688182 0.071777 0.127273
26 0.931641 0.767727 0.083008 0.142727
120 0.653809 0.241364 0.674805 0.140909
