5 0.062988 0.522634 0.080078 0.611797
63 0.117676 0.380658 0.039062 0.240055
63 0.151367 0.504115 0.039062 0.242798
63 0.179443 0.330590 0.047363 0.249657
63 0.217041 0.455418 0.038574 0.260631
63 0.294434 0.431413 0.050781 0.278464
26 0.343262 0.409465 0.047852 0.130316
26 0.441162 0.341564 0.053223 0.120713
24 0.558350 0.285322 0.059082 0.123457
26 0.657227 0.334705 0.064453 0.137174
26 0.764893 0.406722 0.053223 0.135802
26 0.879395 0.334705 0.055664 0.123457
63 0.509277 0.294925 0.053711 0.260631
72 0.341064 0.314815 0.028809 0.072702
72 0.440674 0.254458 0.042480 0.080933
72 0.556885 0.207133 0.026855 0.071331
72 0.662354 0.246228 0.031738 0.080933
72 0.771729 0.312757 0.027832 0.104252
72 0.883545 0.239369 0.041504 0.078189
10 0.267578 0.124829 0.054688 0.161866
