95 0.021484 0.811395 0.041016 0.275049
125 0.322754 0.809430 0.556641 0.204322
24 0.053711 0.499018 0.039062 0.094303
26 0.093506 0.531434 0.030762 0.119843
24 0.126221 0.566798 0.031738 0.123772
26 0.162598 0.598232 0.035156 0.119843
24 0.200195 0.498035 0.038086 0.111984
26 0.235107 0.531434 0.029785 0.135560
24 0.272949 0.570727 0.038086 0.115914
26 0.310791 0.602161 0.028809 0.119843
24 0.348389 0.494106 0.029785 0.119843
26 0.380127 0.525540 0.029785 0.123772
24 0.416748 0.568762 0.032715 0.104126
26 0.450684 0.600196 0.033203 0.123772
24 0.485107 0.490177 0.037598 0.111984
26 0.521240 0.527505 0.027832 0.127701
24 0.554443 0.560904 0.032715 0.111984
26 0.589355 0.602161 0.035156 0.127701
86 0.631348 0.485265 0.041992 0.231827
125 0.339844 0.055992 0.577148 0.080550
95 0.021729 0.078585 0.043457 0.149312
120 0.097656 0.643418 0.113281 0.194499
120 0.246338 0.678782 0.107910 0.206287
120 0.391357 0.668959 0.107910 0.170923
120 0.523438 0.661100 0.096680 0.194499
200 0.479980 0.215128 0.240234 0.041257
200 0.193604 0.208251 0.263184 0.043222
1 0.002441 0.495088 0.004883 0.019646
200 0.548340 0.274067 0.101562 0.045187
109 0.248291 0.333988 0.015137 0.263261
1 0.022461 0.495088 0.028320 0.019646
109 0.566162 0.389980 0.010254 0.159136
200 0.547607 0.349705 0.102051 0.066798
1 0.023682 0.422397 0.030762 0.019646
109 0.427246 0.415521 0.007812 0.147348
200 0.547852 0.336935 0.102539 0.041257
1 0.023682 0.565815 0.021973 0.019646
1 0.124756 0.496071 0.025879 0.021611
