26 0.013184 0.478610 0.018555 0.144385
63 0.056152 0.614973 0.017578 0.256684
63 0.002686 0.510695 0.005371 0.283422
26 0.069824 0.612299 0.016602 0.144385
24 0.124512 0.371658 0.022461 0.155080
24 0.182129 0.377005 0.020508 0.144385
26 0.236084 0.489305 0.021973 0.165775
26 0.293213 0.614973 0.019043 0.171123
24 0.349854 0.355615 0.016113 0.165775
85 0.454102 0.467914 0.021484 0.165775
86 0.622070 0.489305 0.021484 0.262032
8 0.721191 0.427807 0.028320 0.288770
5 0.898193 0.524064 0.020996 0.459893
26 0.739746 0.815508 0.010742 0.101604
24 0.747803 0.772727 0.012207 0.101604
26 0.759521 0.732620 0.009277 0.117647
24 0.770020 0.697861 0.013672 0.133690
26 0.781006 0.649733 0.012207 0.144385
26 0.801514 0.612299 0.016113 0.101604
24 0.810303 0.553476 0.011230 0.133690
26 0.832275 0.529412 0.014160 0.117647
24 0.840576 0.478610 0.010254 0.144385
26 0.850342 0.446524 0.013184 0.122995
24 0.859131 0.411765 0.012207 0.149733
26 0.866943 0.377005 0.013184 0.144385
24 0.877686 0.350267 0.008301 0.155080
26 0.889404 0.312834 0.011230 0.112299
24 0.909912 0.721925 0.015137 0.139037
26 0.918213 0.655080 0.009277 0.155080
24 0.929932 0.620321 0.010254 0.181818
26 0.938721 0.585561 0.011230 0.197861
24 0.947021 0.564171 0.011230 0.155080
26 0.958740 0.529412 0.014160 0.160428
24 0.967529 0.494652 0.013184 0.133690
26 0.979980 0.457219 0.011719 0.165775
120 0.844971 0.855615 0.202637 0.267380
24 0.789307 0.639037 0.006348 0.069519
95 0.727051 0.064171 0.011719 0.128342
200 0.031006 0.045455 0.033691 0.090909
24 0.301025 0.122995 0.012207 0.117647
24 0.324951 0.048128 0.010254 0.096257
200 0.059570 0.820856 0.119141 0.048128
197 0.052979 0.184492 0.020020 0.133690
200 0.193848 0.024064 0.017578 0.048128
24 0.306152 0.101604 0.021484 0.085561
24 0.318848 0.053476 0.023438 0.096257
93 0.002441 0.205882 0.004883 0.101604
1 0.821289 0.569519 0.011719 0.016043
201 0.031250 0.045455 0.034180 0.090909
200 0.260010 0.818182 0.166504 0.042781
1 0.746094 0.713904 0.014648 0.016043
200 0.364258 0.032086 0.019531 0.064171
26 0.967773 0.612299 0.013672 0.101604
1 0.886230 0.641711 0.022461 0.021390
1 0.876221 0.569519 0.014160 0.016043
1 0.813721 0.430481 0.011230 0.016043
1 0.881348 0.427807 0.013672 0.021390
24 0.313232 0.053476 0.034668 0.096257
