8 0.027344 0.470492 0.040039 0.318033
59 0.051758 0.529508 0.019531 0.200000
59 0.060303 0.398361 0.015137 0.186885
59 0.080322 0.442623 0.016113 0.209836
59 0.070312 0.572131 0.015625 0.193443
59 0.091064 0.618033 0.015137 0.239344
151 0.109619 0.421311 0.023926 0.180328
144 0.108643 0.583607 0.023926 0.183607
84 0.559570 0.465574 0.041016 0.104918
1 0.203369 0.509836 0.016113 0.016393
1 0.396484 0.439344 0.015625 0.013115
1 0.256592 0.509836 0.014160 0.016393
1 0.243164 0.509836 0.016602 0.016393
