142 0.025635 0.465000 0.034668 0.450000
59 0.046875 0.428333 0.017578 0.270000
59 0.056152 0.315000 0.019531 0.210000
59 0.069824 0.466667 0.014648 0.233333
59 0.078613 0.355000 0.013672 0.216667
59 0.086426 0.518333 0.016602 0.210000
151 0.106445 0.431667 0.021484 0.176667
144 0.106934 0.596667 0.022461 0.180000
84 0.547119 0.450000 0.030762 0.140000
205 0.198486 0.168333 0.024902 0.143333
205 0.474121 0.173333 0.037109 0.133333
8 0.967041 0.460000 0.043457 0.313333
191 0.118896 0.053333 0.021973 0.093333
95 0.137207 0.095000 0.019531 0.176667
124 0.728027 0.158333 0.303711 0.203333
112 0.612061 0.066667 0.024902 0.120000
