61 0.029053 0.611332 0.028809 0.260437
63 0.050537 0.461233 0.028809 0.242545
26 0.082275 0.459245 0.036621 0.095427
26 0.082275 0.525845 0.039551 0.113320
26 0.078125 0.613320 0.037109 0.105368
72 0.080811 0.387674 0.025879 0.063618
59 0.128174 0.498012 0.035645 0.260437
61 0.155762 0.475149 0.023438 0.298211
120 0.242188 0.257455 0.342773 0.145129
124 0.224854 0.942346 0.305176 0.091451
26 0.181641 0.372763 0.032227 0.109344
26 0.180908 0.454274 0.028809 0.097416
26 0.178467 0.545726 0.027832 0.113320
112 0.250977 0.307157 0.044922 0.113320
63 0.221924 0.429423 0.029785 0.186879
63 0.219238 0.613320 0.024414 0.196819
63 0.203125 0.514911 0.021484 0.242545
59 0.276611 0.452286 0.028809 0.216700
63 0.302002 0.431412 0.025879 0.202783
63 0.295166 0.641153 0.030762 0.184891
24 0.330078 0.425447 0.035156 0.087475
24 0.328369 0.499006 0.030762 0.099404
26 0.325928 0.615308 0.030762 0.133201
61 0.351807 0.635189 0.022949 0.280318
61 0.370361 0.516899 0.020996 0.246521
87 0.493408 0.499006 0.046387 0.242545
86 0.677002 0.514911 0.041504 0.234592
26 0.396729 0.465209 0.031738 0.107356
26 0.396484 0.529821 0.040039 0.097416
26 0.398682 0.609344 0.042480 0.113320
53 0.401123 0.808151 0.053223 0.208748
72 0.395020 0.385686 0.014648 0.067594
24 0.247559 0.430417 0.023438 0.089463
24 0.245850 0.508946 0.026855 0.079523
24 0.245361 0.586481 0.024902 0.091451
200 0.191162 0.827038 0.249512 0.047714
26 0.307129 0.815109 0.022461 0.079523
24 0.244629 0.434394 0.030273 0.101392
