6 0.067383 0.516502 0.079102 0.425743
24 0.151611 0.221947 0.042480 0.110561
24 0.186279 0.139439 0.039551 0.103960
24 0.226074 0.144389 0.041992 0.094059
24 0.152832 0.323432 0.034180 0.112211
24 0.190186 0.245875 0.038574 0.102310
24 0.228271 0.245875 0.039551 0.102310
86 0.291260 0.521452 0.041504 0.300330
24 0.362061 0.380363 0.036621 0.127063
26 0.369629 0.622937 0.032227 0.103960
72 0.153320 0.126238 0.024414 0.064356
72 0.191650 0.044554 0.026855 0.069307
72 0.699463 0.108086 0.018066 0.070957
72 0.743164 0.042079 0.022461 0.061056
28 0.472412 0.518977 0.053223 0.133663
28 0.553711 0.513201 0.045898 0.115512
30 0.471191 0.764851 0.044922 0.130363
30 0.559326 0.754125 0.048340 0.151815
30 0.802246 0.521452 0.044922 0.125413
30 0.803955 0.621287 0.043457 0.100660
24 0.700684 0.203795 0.044922 0.103960
24 0.706299 0.294554 0.040527 0.127063
24 0.746826 0.127888 0.044434 0.103960
24 0.742432 0.212871 0.040527 0.122112
43 0.481934 0.351485 0.044922 0.148515
43 0.572754 0.343234 0.059570 0.128713
43 0.808594 0.329208 0.055664 0.166667
40 0.839844 0.537954 0.019531 0.079208
40 0.843506 0.624587 0.028809 0.070957
