26 0.127632 0.268797 0.071392 0.075188
26 0.669748 0.334900 0.067797 0.078321
24 0.479712 0.430764 0.069851 0.080827
24 0.537494 0.286028 0.067283 0.085840
24 0.127889 0.494674 0.074987 0.080827
86 0.449923 0.659774 0.058552 0.182957
86 0.869800 0.277882 0.049820 0.177318
87 0.758603 0.307331 0.071905 0.105890
87 0.340781 0.629386 0.073446 0.125940
85 0.642784 0.607769 0.073446 0.042607
63 0.408834 0.432644 0.053416 0.161028
63 0.600154 0.339912 0.054956 0.154762
72 0.553159 0.017857 0.021572 0.028195
200 0.463020 0.099624 0.217257 0.116541
180 0.403698 0.059524 0.137648 0.070175
162 0.730098 0.222118 0.046739 0.273810
26 0.340781 0.401629 0.064201 0.068922
199 0.404725 0.059211 0.139702 0.070802
1 0.118901 0.311090 0.109399 0.020677
26 0.340781 0.391604 0.065229 0.097744
26 0.200051 0.401003 0.038521 0.048872
