24 0.908936 0.506372 0.062012 0.083166
24 0.826904 0.495641 0.061035 0.081824
26 0.419678 0.531858 0.064941 0.067069
26 0.695801 0.481221 0.065430 0.082495
24 0.621094 0.498323 0.060547 0.084507
63 0.339844 0.523810 0.061523 0.171697
63 0.757080 0.488598 0.041504 0.179074
200 0.343994 0.308182 0.427246 0.036888
26 0.229980 0.524145 0.064453 0.071764
26 0.105469 0.525486 0.066406 0.070423
200 0.786621 0.286385 0.291016 0.016097
26 0.523438 0.534205 0.065430 0.059691
182 0.523193 0.533535 0.065918 0.063716
