24 0.847229 0.712187 0.071466 0.080625
24 0.933195 0.566250 0.069394 0.080000
40 0.927758 0.670000 0.022268 0.023750
24 0.110823 0.373125 0.067323 0.075000
86 0.420766 0.479687 0.047126 0.185625
87 0.320559 0.509687 0.079751 0.116875
87 0.639565 0.506563 0.060073 0.106875
63 0.781978 0.724375 0.065251 0.155000
63 0.030813 0.389688 0.058519 0.179375
166 0.126359 0.481250 0.095287 0.203750
26 0.705075 0.663438 0.068876 0.073125
24 0.849560 0.411250 0.052305 0.065000
200 0.839979 0.420312 0.219575 0.109375
