24 0.775261 0.566103 0.060229 0.078321
24 0.920358 0.513471 0.060727 0.054511
26 0.617969 0.644110 0.063216 0.048872
26 0.533848 0.660401 0.064211 0.072682
26 0.327526 0.469925 0.063713 0.062657
24 0.618965 0.612469 0.064211 0.054511
26 0.693629 0.591792 0.063216 0.063283
24 0.434545 0.711779 0.062718 0.073935
26 0.848432 0.531328 0.062220 0.062657
26 0.132653 0.663221 0.039323 0.050752
24 0.132404 0.607143 0.039821 0.047619
95 0.151319 0.848997 0.125436 0.181704
95 0.124440 0.034461 0.094574 0.068922
30 0.141862 0.468358 0.058736 0.062030
200 0.829517 0.336779 0.234445 0.125940
200 0.652066 0.337093 0.600299 0.164160
200 0.500747 0.337093 0.287705 0.169173
200 0.831757 0.377506 0.226979 0.133459
95 0.062469 0.040100 0.096068 0.080201
200 0.462917 0.378446 0.213041 0.146617
