34 0.083252 0.406656 0.064941 0.063312
32 0.079834 0.689123 0.064941 0.063312
26 0.991455 0.465097 0.017090 0.045455
199 0.548828 0.802760 0.890625 0.112013
72 0.111572 0.991883 0.011230 0.011364
201 0.088379 0.008117 0.061523 0.016234
199 0.554443 0.290990 0.891113 0.080357
200 0.022949 0.064935 0.045898 0.071429
200 0.039062 0.287744 0.078125 0.106331
72 0.554199 0.992695 0.012695 0.008117
200 0.028564 0.834821 0.056152 0.127435
200 0.498291 0.564935 0.996582 0.051948
201 0.547852 0.620536 0.576172 0.051136
