24 0.891123 0.435777 0.066699 0.083333
24 0.605934 0.430138 0.065228 0.072055
24 0.731486 0.433584 0.070132 0.081454
95 0.081903 0.810777 0.136341 0.180451
95 0.137077 0.807644 0.137813 0.180451
122 0.375674 0.988409 0.187347 0.023183
120 0.399215 0.317043 0.423737 0.121554
28 0.125061 0.436090 0.058852 0.062657
162 0.662825 0.309524 0.052477 0.201754
162 0.643943 0.959273 0.044139 0.081454
201 0.191761 0.006892 0.036292 0.013784
162 0.945071 0.957393 0.051986 0.085213
162 0.948259 0.317982 0.060324 0.208647
115 0.742521 0.974311 0.016675 0.051378
166 0.625797 0.526942 0.075527 0.171679
