24 0.329102 0.129488 0.052734 0.075630
24 0.651367 0.130634 0.049805 0.070283
26 0.333740 0.214668 0.053223 0.062643
86 0.511719 0.493888 0.058594 0.203972
86 0.800293 0.488541 0.051758 0.177998
141 0.134521 0.524828 0.108887 0.430863
1 0.325439 0.314362 0.086426 0.016043
26 0.655273 0.224981 0.051758 0.064935
1 0.646973 0.315508 0.082031 0.015279
1 0.652832 0.257448 0.084961 0.013751
1 0.652344 0.188694 0.082031 0.015279
26 0.994141 0.537433 0.011719 0.057296
26 0.994141 0.589381 0.011719 0.058824
26 0.994629 0.479756 0.010742 0.050420
1 0.327637 0.252483 0.089844 0.014515
