26 0.799316 0.182186 0.057617 0.076923
24 0.399902 0.215250 0.062500 0.079622
24 0.052979 0.154184 0.065918 0.078947
26 0.606201 0.181849 0.062012 0.081646
24 0.605957 0.434548 0.064453 0.086370
24 0.794189 0.431849 0.060059 0.087719
24 0.056396 0.219636 0.056152 0.077598
26 0.398193 0.465250 0.064941 0.076248
63 0.314453 0.209852 0.051758 0.175439
63 0.318848 0.463563 0.049805 0.184885
63 0.706299 0.191296 0.043457 0.170715
63 0.711182 0.445344 0.060059 0.152497
24 0.058105 0.985830 0.080078 0.028340
1 0.049072 0.288799 0.098145 0.020243
1 0.606445 0.222672 0.095703 0.016194
1 0.603027 0.289811 0.096680 0.018219
1 0.398193 0.290823 0.097168 0.020243
1 0.800537 0.228070 0.096191 0.018893
