26 0.346631 0.206767 0.072237 0.077694
26 0.150674 0.199561 0.072776 0.077068
24 0.159299 0.376253 0.071698 0.079574
26 0.684636 0.152882 0.069003 0.076441
63 0.060108 0.382206 0.066307 0.170426
63 0.419137 0.242481 0.056604 0.159148
63 0.611051 0.166667 0.053369 0.159148
87 0.772237 0.322055 0.071698 0.112782
87 0.357143 0.568609 0.083558 0.112155
86 0.486792 0.557957 0.051752 0.199875
86 0.880593 0.309524 0.058760 0.191729
85 0.677898 0.608396 0.080323 0.060150
200 0.501348 0.967732 0.162803 0.064536
72 0.559030 0.889098 0.023720 0.030075
162 0.213208 0.103697 0.059838 0.167293
162 0.746361 0.066103 0.059838 0.132206
200 0.416712 0.020990 0.097035 0.041980
180 0.403235 0.944549 0.130458 0.077068
166 0.173854 0.470238 0.091105 0.186090
115 0.714016 0.971491 0.022102 0.055764
1 0.332884 0.297932 0.105121 0.019424
24 0.542588 0.117794 0.072776 0.076441
26 0.491105 0.256579 0.069003 0.077068
24 0.490836 0.256266 0.068464 0.078947
1 0.150943 0.295113 0.120755 0.017544
199 0.405121 0.944862 0.136388 0.077694
