24 0.910645 0.496982 0.058594 0.080483
24 0.621826 0.494299 0.060059 0.083166
26 0.521973 0.534205 0.065430 0.066398
26 0.429932 0.530516 0.063965 0.061704
24 0.829834 0.499329 0.059082 0.081154
26 0.227051 0.529510 0.064453 0.069081
26 0.092285 0.527834 0.066406 0.069752
24 0.692627 0.500000 0.060059 0.082495
63 0.344727 0.520456 0.061523 0.178404
63 0.764648 0.512408 0.066406 0.158283
200 0.332764 0.307512 0.432129 0.038229
200 0.792969 0.301140 0.286133 0.020121
200 0.795410 0.307512 0.283203 0.030181
1 0.513916 0.494299 0.090332 0.020121
159 0.168457 0.412810 0.013672 0.018109
