26 0.513184 0.184352 0.061523 0.078576
26 0.909180 0.334453 0.059570 0.073875
24 0.677490 0.436199 0.064941 0.081263
26 0.814941 0.333781 0.060547 0.069846
24 0.522217 0.430490 0.060059 0.079248
26 0.910889 0.468771 0.058105 0.065816
26 0.677979 0.356951 0.063965 0.067831
26 0.817871 0.469107 0.058594 0.061115
40 0.883057 0.719275 0.020020 0.026864
120 0.322754 0.129617 0.298828 0.102082
120 0.743896 0.256212 0.128418 0.067831
120 0.262207 0.942243 0.124023 0.051041
34 0.132080 0.188381 0.054199 0.062458
28 0.138916 0.438214 0.054199 0.062458
63 0.595947 0.369711 0.060059 0.169913
63 0.747803 0.476494 0.050293 0.149765
72 0.909912 0.253190 0.020996 0.028207
72 0.146484 0.956011 0.022461 0.031565
199 0.720947 0.753862 0.133301 0.050369
1 0.509277 0.232371 0.097656 0.016118
1 0.129150 0.235393 0.119629 0.016790
1 0.118652 0.295165 0.115234 0.018133
200 0.262451 0.991269 0.246582 0.017461
1 0.508301 0.289120 0.096680 0.016790
200 0.764893 0.685359 0.239746 0.035594
72 0.388184 0.957018 0.020508 0.026864
199 0.351074 0.468771 0.344727 0.167898
200 0.031250 0.066152 0.062500 0.112156
160 0.884277 0.512089 0.012695 0.352586
199 0.751709 0.979516 0.127441 0.040967
