24 0.693567 0.627506 0.076023 0.078321
24 0.880409 0.562343 0.081287 0.082080
24 0.114035 0.623434 0.080702 0.081454
86 0.333918 0.469612 0.050292 0.169799
86 0.500877 0.457080 0.063743 0.198622
87 0.242690 0.499060 0.078363 0.118421
63 0.032456 0.627820 0.061404 0.171679
63 0.609357 0.631579 0.057310 0.171679
24 0.683333 0.030388 0.074269 0.060777
24 0.807018 0.674185 0.230409 0.106516
200 0.816959 0.387845 0.195322 0.081454
199 0.809649 0.058897 0.214620 0.107769
199 0.807310 0.674499 0.235673 0.105890
1 0.938889 0.631266 0.117544 0.011905
200 0.843275 0.974311 0.175439 0.051378
