5 0.211406 0.326356 0.016717 0.028518
32 0.258301 0.304185 0.003266 0.002703
30 0.325188 0.302543 0.008125 0.004354
93 0.345889 0.326343 0.007118 0.007090
92 0.367651 0.325896 0.007873 0.012470
26 0.227976 0.325765 0.010354 0.009027
34 0.403272 0.303751 0.005208 0.003580
67 0.401373 0.302488 0.002545 0.011392
30 0.438719 0.302441 0.007482 0.004835
76 0.438684 0.298851 0.001246 0.001575
30 0.455038 0.302157 0.007542 0.004231
76 0.454999 0.298813 0.001246 0.001575
28 0.476705 0.300479 0.005463 0.004368
92 0.498387 0.325897 0.005294 0.012509
91 0.526804 0.324711 0.005221 0.002058
5 0.599549 0.326342 0.023534 0.028856
92 0.633112 0.325879 0.011084 0.012617
28 0.714173 0.317283 0.011438 0.004406
65 0.702936 0.317291 0.005719 0.011649
28 0.771655 0.321495 0.011438 0.004406
28 0.849263 0.325753 0.011438 0.004406
5 0.210048 0.382076 0.019609 0.032620
34 0.257469 0.376196 0.003161 0.002458
28 0.326966 0.372992 0.009531 0.004980
93 0.347509 0.382035 0.008350 0.008109
92 0.368759 0.381590 0.009235 0.014263
26 0.227560 0.381465 0.012145 0.010326
32 0.411550 0.372613 0.002694 0.002092
67 0.401838 0.372825 0.003012 0.012960
28 0.440356 0.373068 0.008141 0.005811
76 0.439022 0.369301 0.001474 0.001792
28 0.457286 0.373290 0.007961 0.005579
76 0.455284 0.369335 0.001474 0.001792
30 0.483068 0.371458 0.007767 0.005804
92 0.498839 0.381588 0.006377 0.014005
91 0.527391 0.380402 0.006290 0.002304
5 0.599922 0.382053 0.024321 0.029086
38 0.635893 0.370981 0.015220 0.004441
5 0.210252 0.437576 0.024733 0.039959
32 0.259479 0.438138 0.003899 0.003030
63 0.253648 0.434469 0.007553 0.016476
30 0.328494 0.439015 0.012021 0.006797
93 0.348703 0.437518 0.010532 0.011067
92 0.369538 0.437083 0.011649 0.019466
26 0.228224 0.436964 0.015319 0.014092
34 0.413506 0.436242 0.003774 0.002610
30 0.439272 0.434877 0.006283 0.006704
76 0.439279 0.430724 0.001918 0.002422
30 0.455426 0.434888 0.006283 0.006704
76 0.455473 0.430761 0.001918 0.002422
28 0.476993 0.436936 0.009143 0.006327
92 0.499401 0.437076 0.008860 0.018121
91 0.528113 0.435911 0.008739 0.002981
5 0.601330 0.437557 0.028272 0.033902
36 0.639615 0.441300 0.017693 0.005176
8 0.210257 0.495607 0.009910 0.011116
32 0.239458 0.484590 0.004488 0.003600
28 0.282326 0.492994 0.008403 0.005826
93 0.290470 0.497584 0.003932 0.005771
92 0.303413 0.497144 0.004349 0.010151
26 0.219804 0.497019 0.005719 0.007349
34 0.333354 0.489404 0.003006 0.002335
28 0.362117 0.488833 0.008546 0.005540
93 0.372516 0.497585 0.003319 0.005844
92 0.383520 0.497144 0.003671 0.010279
34 0.411981 0.484534 0.006721 0.002885
30 0.440180 0.482370 0.008431 0.007646
76 0.439688 0.478915 0.001114 0.001193
30 0.456412 0.482374 0.008077 0.006822
76 0.455691 0.478915 0.001114 0.001193
30 0.483435 0.490585 0.007994 0.005461
92 0.499344 0.497138 0.004816 0.009565
91 0.527971 0.495967 0.004750 0.001574
8 0.601651 0.495661 0.023783 0.012023
92 0.633957 0.497151 0.010438 0.010979
30 0.714579 0.478780 0.010772 0.003834
30 0.772159 0.482712 0.010772 0.003834
30 0.850418 0.486684 0.010772 0.003834
5 0.208514 0.553110 0.018163 0.041189
34 0.235785 0.549850 0.003749 0.003618
30 0.282500 0.550301 0.007627 0.005930
93 0.290750 0.553077 0.007734 0.019753
92 0.303633 0.552623 0.008554 0.034742
26 0.218865 0.552493 0.011249 0.025152
32 0.337607 0.549078 0.003040 0.002643
30 0.361860 0.550197 0.008328 0.005427
93 0.372958 0.553075 0.006795 0.019484
92 0.383828 0.552621 0.007515 0.034269
32 0.407289 0.548125 0.006999 0.012818
28 0.441439 0.548416 0.007353 0.005758
76 0.439797 0.541612 0.002137 0.004559
28 0.457126 0.548293 0.007840 0.006088
76 0.456121 0.541612 0.002137 0.004559
28 0.483480 0.548300 0.007536 0.005947
92 0.500219 0.552611 0.011712 0.029578
91 0.529098 0.551400 0.011552 0.004867
5 0.603189 0.553134 0.042407 0.041189
38 0.641339 0.541083 0.026539 0.010499
5 0.114299 0.608248 0.064293 0.039959
88 0.238673 0.604410 0.041506 0.018216
26 0.134513 0.607613 0.055341 0.039959
88 0.359745 0.604530 0.064293 0.039959
88 0.434523 0.604531 0.064293 0.039959
28 0.484051 0.611758 0.007692 0.005650
92 0.500633 0.607742 0.033783 0.039959
91 0.529636 0.606566 0.033321 0.016279
5 0.603158 0.608239 0.064293 0.039959
88 0.778757 0.604631 0.064293 0.039959
8 0.123050 0.661112 0.029447 0.026877
88 0.238977 0.659414 0.012747 0.004038
26 0.140828 0.662568 0.016996 0.017768
88 0.359422 0.659431 0.006011 0.004092
88 0.433970 0.659433 0.005723 0.004178
28 0.484388 0.671452 0.007934 0.005885
92 0.499348 0.662697 0.007901 0.025678
91 0.527973 0.661525 0.007793 0.004225
8 0.603090 0.661100 0.037729 0.025625
88 0.775427 0.659408 0.016332 0.003850
5 0.209466 0.718118 0.010841 0.031047
28 0.239375 0.721712 0.005269 0.004740
28 0.247710 0.717133 0.003167 0.002865
63 0.234189 0.715059 0.003310 0.011491
30 0.239355 0.711205 0.005269 0.004740
92 0.258735 0.717651 0.005106 0.013575
30 0.278279 0.723810 0.005269 0.004740
30 0.266547 0.719580 0.005300 0.002513
28 0.283207 0.708296 0.008015 0.005629
92 0.303528 0.717651 0.005106 0.013575
26 0.219599 0.717522 0.006714 0.009828
30 0.335983 0.736921 0.008379 0.007392
30 0.335141 0.723386 0.007781 0.005858
28 0.335071 0.716561 0.008439 0.005393
65 0.325035 0.717510 0.002239 0.012524
92 0.345598 0.717650 0.004339 0.013565
28 0.362224 0.734512 0.008978 0.005718
28 0.362203 0.725083 0.008499 0.005718
30 0.362154 0.714910 0.008140 0.005672
92 0.383635 0.717650 0.004339 0.013565
30 0.414128 0.728391 0.007721 0.006509
30 0.414631 0.715737 0.007721 0.005997
28 0.414816 0.709180 0.007960 0.005718
67 0.403109 0.708985 0.002738 0.012359
92 0.423505 0.717650 0.004252 0.013547
30 0.441143 0.728159 0.007960 0.005486
30 0.441358 0.715903 0.008439 0.005858
28 0.441569 0.708856 0.008619 0.005951
30 0.457491 0.728022 0.007601 0.005579
30 0.458059 0.715984 0.007601 0.005811
28 0.457829 0.709217 0.007900 0.005625
30 0.484401 0.737315 0.008297 0.006544
30 0.484228 0.728557 0.007994 0.006309
28 0.484453 0.717965 0.008418 0.005650
30 0.485022 0.707159 0.007994 0.006214
30 0.517973 0.707423 0.007571 0.006450
67 0.507968 0.706884 0.003746 0.012306
28 0.532567 0.705450 0.008661 0.006073
28 0.550624 0.709535 0.008116 0.005885
28 0.561460 0.713673 0.008055 0.005650
30 0.574327 0.715945 0.007994 0.005697
5 0.601515 0.718119 0.025395 0.030788
28 0.641853 0.717693 0.007720 0.005722
28 0.685476 0.713717 0.007537 0.005865
30 0.713394 0.713031 0.008088 0.005722
28 0.723262 0.715048 0.007904 0.006008
28 0.779779 0.714548 0.008088 0.005579
30 0.791807 0.714515 0.008456 0.006008
28 0.815049 0.713306 0.012342 0.004701
30 0.834324 0.711204 0.012342 0.004701
28 0.853593 0.709103 0.012342 0.004701
28 0.875075 0.715549 0.007353 0.004864
30 0.894116 0.715623 0.008088 0.004864
28 0.902909 0.717872 0.004595 0.003004
30 0.553935 0.792499 0.000595 0.000622
30 0.560558 0.783484 0.007910 0.005765
28 0.554620 0.772543 0.000595 0.000622
93 0.560692 0.773130 0.000521 0.001014
28 0.564789 0.776813 0.000595 0.000622
67 0.563134 0.776693 0.000371 0.001626
30 0.568853 0.774666 0.000595 0.000622
30 0.572954 0.778982 0.000595 0.000622
30 0.573459 0.785802 0.008749 0.005672
28 0.573459 0.785802 0.008749 0.005672
5 0.626865 0.773154 0.001272 0.004580
30 0.641875 0.787127 0.008440 0.007113
30 0.630170 0.785020 0.009577 0.005672
28 0.630170 0.785020 0.009577 0.005672
30 0.641875 0.787127 0.008440 0.007113
30 0.641875 0.787127 0.008440 0.007113
28 0.641875 0.787127 0.008440 0.007113
30 0.641875 0.787127 0.008440 0.007113
28 0.657593 0.781155 0.000618 0.000699
30 0.660098 0.778969 0.000618 0.000699
30 0.662855 0.783368 0.000618 0.000699
28 0.666392 0.787852 0.006884 0.006741
30 0.666392 0.787852 0.006884 0.006741
30 0.335522 0.834998 0.008273 0.006056
92 0.368400 0.828217 0.013886 0.029848
28 0.400784 0.832244 0.014330 0.010422
92 0.442349 0.828215 0.013886 0.029848
30 0.484668 0.834075 0.007659 0.005475
92 0.500385 0.828216 0.009961 0.029265
91 0.529451 0.827044 0.009825 0.004815
6 0.596664 0.828090 0.023318 0.036208
30 0.620516 0.821743 0.012087 0.009579
34 0.676337 0.825943 0.012087 0.009729
30 0.766528 0.834317 0.012087 0.009579
30 0.335039 0.877765 0.008111 0.005358
92 0.367784 0.884351 0.008184 0.012923
28 0.400089 0.875705 0.008446 0.004512
92 0.441923 0.884351 0.008184 0.012923
28 0.485283 0.892604 0.008027 0.005669
92 0.500017 0.884351 0.005660 0.012922
91 0.528978 0.883158 0.005583 0.002126
8 0.597685 0.882769 0.017760 0.014151
28 0.620302 0.892714 0.008044 0.004512
30 0.642603 0.878248 0.007653 0.005185
30 0.675538 0.877831 0.008044 0.004512
30 0.694935 0.877831 0.008044 0.004512
28 0.714367 0.879957 0.008044 0.004512
28 0.740241 0.879957 0.008044 0.004512
28 0.760592 0.880865 0.002839 0.002112
28 0.792025 0.879957 0.008044 0.004512
