92 0.152375 0.080569 0.004943 0.012705
30 0.181702 0.069874 0.005101 0.004436
30 0.216480 0.072444 0.002956 0.002299
30 0.252211 0.078311 0.005101 0.004436
5 0.303261 0.081040 0.020833 0.029384
30 0.337566 0.071896 0.003187 0.002480
28 0.377771 0.056134 0.003369 0.002338
92 0.400459 0.080570 0.009812 0.012848
30 0.431080 0.057169 0.010125 0.004486
28 0.470796 0.062641 0.009309 0.006113
28 0.506481 0.059305 0.011213 0.004403
92 0.541283 0.080570 0.010866 0.012610
30 0.576529 0.057134 0.011213 0.004403
32 0.619134 0.059256 0.008811 0.003950
28 0.684411 0.059285 0.010355 0.004404
76 0.684435 0.055597 0.003161 0.001591
28 0.726624 0.059258 0.010355 0.004404
76 0.726646 0.055566 0.003161 0.001591
34 0.772169 0.057173 0.006193 0.004479
34 0.839852 0.065582 0.006193 0.004479
27 0.902464 0.080443 0.007892 0.009143
30 0.133767 0.113424 0.003273 0.002545
30 0.168125 0.113154 0.004455 0.003739
28 0.180736 0.115155 0.004455 0.003739
67 0.175050 0.115063 0.002780 0.009768
30 0.189888 0.113048 0.004455 0.003739
28 0.199060 0.115084 0.004455 0.003739
30 0.208356 0.112958 0.004455 0.003739
76 0.208398 0.109320 0.001360 0.001351
30 0.227115 0.112867 0.004455 0.003739
76 0.227135 0.109197 0.001360 0.001351
30 0.246224 0.112774 0.004455 0.003739
76 0.246222 0.109073 0.001360 0.001351
30 0.268449 0.115179 0.008446 0.005912
76 0.265616 0.108946 0.001360 0.001351
5 0.302073 0.124011 0.016609 0.021882
30 0.336886 0.117408 0.008072 0.003341
30 0.354118 0.114751 0.003369 0.002692
92 0.397240 0.123559 0.007822 0.009568
28 0.428842 0.115025 0.008072 0.003341
30 0.470907 0.121097 0.008346 0.005989
30 0.499534 0.120053 0.006179 0.004491
92 0.539498 0.123578 0.007905 0.010313
28 0.575298 0.114905 0.008157 0.003601
34 0.621079 0.116543 0.003728 0.002897
30 0.682663 0.117136 0.007450 0.003620
76 0.682690 0.112939 0.002275 0.001308
30 0.725311 0.117047 0.007450 0.003620
76 0.725313 0.112794 0.002275 0.001308
32 0.771894 0.115226 0.004498 0.003650
32 0.837971 0.123403 0.004498 0.003650
27 0.901935 0.123442 0.005732 0.007450
28 0.133754 0.170630 0.003695 0.003037
28 0.166659 0.171128 0.003524 0.002775
30 0.178881 0.173252 0.003524 0.002775
67 0.173291 0.173109 0.002198 0.007249
28 0.188075 0.171198 0.003524 0.002775
30 0.197061 0.173342 0.003524 0.002775
28 0.206476 0.171259 0.003524 0.002775
77 0.206099 0.177698 0.001076 0.001002
28 0.225386 0.171321 0.003524 0.002775
77 0.225137 0.177855 0.001076 0.001002
28 0.240432 0.171321 0.004857 0.002872
77 0.244766 0.178017 0.001076 0.001002
28 0.264928 0.171451 0.003524 0.002775
77 0.264959 0.178183 0.001076 0.001002
5 0.301437 0.167591 0.013038 0.013766
28 0.334470 0.174822 0.006337 0.002102
30 0.354000 0.162665 0.003369 0.002551
92 0.395424 0.167158 0.006141 0.006019
30 0.428239 0.169082 0.006337 0.002102
28 0.471815 0.175813 0.008667 0.006865
28 0.502615 0.175108 0.005643 0.002587
92 0.537064 0.167193 0.005468 0.007408
30 0.566521 0.171207 0.003049 0.002309
32 0.617205 0.176973 0.005591 0.004214
30 0.680104 0.165017 0.004992 0.002632
76 0.680149 0.160938 0.001524 0.000951
30 0.723372 0.164942 0.004992 0.002632
76 0.723334 0.160735 0.001524 0.000951
32 0.780635 0.165802 0.004735 0.004556
32 0.835432 0.167022 0.003105 0.002596
27 0.901182 0.167051 0.003957 0.005300
92 0.148090 0.218623 0.004525 0.010502
28 0.178706 0.197788 0.004669 0.003667
28 0.212193 0.200359 0.009523 0.005728
28 0.238060 0.205666 0.009297 0.006609
34 0.294354 0.202642 0.004720 0.003666
30 0.311528 0.196872 0.003422 0.002933
28 0.338384 0.205598 0.004543 0.002703
30 0.341826 0.199219 0.008083 0.007102
28 0.338384 0.205598 0.004543 0.002703
67 0.333220 0.205886 0.001309 0.009105
30 0.338384 0.205598 0.004543 0.002703
28 0.341826 0.199219 0.008083 0.007102
30 0.341826 0.199219 0.008083 0.007102
30 0.338384 0.205598 0.004543 0.002703
8 0.364902 0.217073 0.011492 0.010050
28 0.386566 0.206070 0.005205 0.003205
65 0.380065 0.206076 0.002602 0.008473
28 0.404981 0.206053 0.005205 0.003205
92 0.423438 0.218619 0.005043 0.009178
30 0.441854 0.199848 0.005205 0.003205
32 0.466647 0.197832 0.003667 0.003275
30 0.485822 0.209904 0.008549 0.005728
30 0.513179 0.213888 0.008726 0.005957
30 0.513179 0.213888 0.008726 0.005957
30 0.516000 0.209828 0.002653 0.002062
28 0.532871 0.206094 0.005264 0.003345
28 0.540289 0.210099 0.002890 0.002291
92 0.571367 0.218623 0.005101 0.009581
28 0.585441 0.211893 0.008848 0.006232
34 0.617874 0.211031 0.003113 0.002422
30 0.695260 0.211216 0.003702 0.002946
76 0.685452 0.208088 0.002757 0.001182
30 0.727199 0.212231 0.009031 0.003271
76 0.727134 0.208088 0.002757 0.001182
34 0.768249 0.215715 0.002713 0.002199
34 0.805381 0.215686 0.006310 0.004674
27 0.846966 0.218490 0.004121 0.006629
8 0.858909 0.217069 0.006297 0.010608
28 0.880328 0.206048 0.002852 0.003382
92 0.891262 0.218618 0.002764 0.009687
91 0.902293 0.217448 0.002726 0.001594
27 0.865096 0.218491 0.003634 0.007013
30 0.138861 0.247433 0.003956 0.002583
30 0.169979 0.247319 0.003956 0.002583
30 0.210101 0.251238 0.003956 0.002583
30 0.247786 0.255300 0.003956 0.002583
32 0.291642 0.261472 0.001726 0.002483
28 0.327705 0.260529 0.006313 0.004491
28 0.327705 0.260529 0.006313 0.004491
28 0.338387 0.261671 0.003068 0.002429
28 0.338387 0.261671 0.003068 0.002429
5 0.364292 0.257971 0.008535 0.013322
30 0.379430 0.256448 0.003773 0.003482
30 0.404874 0.247156 0.004148 0.002034
92 0.423332 0.257513 0.004020 0.005825
28 0.441811 0.249147 0.004148 0.002034
30 0.466522 0.251224 0.002915 0.002057
30 0.488858 0.248918 0.002830 0.002337
30 0.488858 0.248918 0.002830 0.002337
28 0.488858 0.248918 0.002830 0.002337
30 0.516319 0.248918 0.002771 0.002337
28 0.516319 0.248918 0.002771 0.002337
30 0.539976 0.253357 0.003008 0.002520
30 0.563260 0.255340 0.008848 0.006232
92 0.571663 0.257512 0.004221 0.005878
30 0.596390 0.255142 0.008081 0.006461
34 0.620503 0.255355 0.006125 0.002590
30 0.695552 0.252849 0.003282 0.002749
30 0.698745 0.250029 0.003282 0.002487
30 0.725415 0.251118 0.006125 0.002550
30 0.747311 0.255276 0.006125 0.002550
32 0.767478 0.261183 0.002890 0.002612
32 0.816278 0.256684 0.008138 0.003482
27 0.846966 0.257385 0.003278 0.004262
5 0.858583 0.257972 0.004857 0.015133
30 0.888026 0.254976 0.008613 0.003482
92 0.891216 0.257513 0.002287 0.006617
91 0.902246 0.256351 0.002256 0.001089
27 0.865073 0.257387 0.003008 0.004790
88 0.102295 0.298751 0.009478 0.001591
88 0.321583 0.298673 0.001907 0.001381
5 0.364365 0.302393 0.009828 0.017581
92 0.386389 0.301930 0.004629 0.007687
30 0.408980 0.300564 0.008785 0.003849
92 0.423498 0.301930 0.004629 0.007687
30 0.442159 0.299704 0.004777 0.002684
32 0.469965 0.302405 0.005778 0.003666
91 0.491715 0.300758 0.003242 0.001258
92 0.532709 0.301930 0.004861 0.007684
30 0.562919 0.300788 0.008494 0.003666
92 0.571663 0.301930 0.004861 0.007684
30 0.591212 0.299703 0.005017 0.002683
32 0.621030 0.305943 0.008275 0.002790
91 0.685189 0.300758 0.007909 0.001294
88 0.804747 0.298673 0.002832 0.001265
27 0.846966 0.301802 0.003776 0.005565
5 0.858610 0.302393 0.005460 0.019134
88 0.900970 0.298676 0.002536 0.001377
27 0.865111 0.301803 0.003382 0.006057
88 0.104691 0.338200 0.006898 0.001133
88 0.321583 0.338041 0.001510 0.000857
8 0.364922 0.339721 0.008127 0.004931
92 0.386298 0.341234 0.003567 0.004503
30 0.409702 0.339636 0.008534 0.003970
92 0.423403 0.341234 0.003567 0.004503
30 0.442210 0.343149 0.003681 0.001572
32 0.466166 0.349296 0.002594 0.001612
91 0.491577 0.340086 0.002479 0.000748
92 0.532704 0.341233 0.003741 0.004561
30 0.540492 0.341403 0.003077 0.002436
92 0.571664 0.341233 0.003741 0.004561
30 0.591295 0.343151 0.003860 0.001593
32 0.620059 0.349061 0.005619 0.002035
91 0.682784 0.340105 0.005370 0.000944
88 0.804753 0.338041 0.002179 0.000752
27 0.846968 0.341107 0.002906 0.003307
8 0.858931 0.339716 0.004636 0.005644
88 0.900918 0.338047 0.002007 0.000848
27 0.865092 0.341109 0.002676 0.003731
28 0.157659 0.369469 0.008050 0.005551
30 0.170336 0.371529 0.008276 0.005992
30 0.170336 0.371529 0.008276 0.005992
30 0.213900 0.373828 0.007709 0.005111
28 0.213900 0.373828 0.007709 0.005111
30 0.224211 0.370851 0.007823 0.007226
28 0.243807 0.376066 0.003193 0.001882
30 0.252285 0.373994 0.003193 0.001882
28 0.260904 0.376065 0.003193 0.001882
30 0.269422 0.373984 0.003193 0.001882
30 0.282175 0.373977 0.003193 0.001882
67 0.276732 0.373865 0.001992 0.004918
28 0.302458 0.369305 0.009322 0.006507
28 0.302458 0.369305 0.009322 0.006507
30 0.302458 0.369305 0.009322 0.006507
28 0.315850 0.374097 0.005546 0.006369
28 0.329390 0.372061 0.009145 0.005728
30 0.315850 0.374097 0.005546 0.006369
67 0.323900 0.373874 0.000957 0.004543
28 0.329390 0.372061 0.009145 0.005728
30 0.332462 0.367729 0.002655 0.002062
28 0.332462 0.367729 0.002655 0.002062
30 0.332462 0.367729 0.002655 0.002062
28 0.347720 0.363765 0.001535 0.001739
28 0.351758 0.367828 0.001535 0.001739
5 0.364325 0.376658 0.007347 0.009800
30 0.394740 0.369928 0.009021 0.006003
92 0.404841 0.376200 0.003460 0.004285
28 0.431803 0.393392 0.002771 0.002245
30 0.418048 0.380039 0.002712 0.002108
28 0.421120 0.370874 0.008254 0.007881
92 0.442055 0.376200 0.003460 0.004285
30 0.471871 0.393706 0.009964 0.006003
28 0.471895 0.384467 0.009080 0.005728
30 0.472059 0.374052 0.008785 0.006323
65 0.462323 0.374001 0.001259 0.003990
30 0.474964 0.367704 0.003125 0.002658
30 0.491686 0.369883 0.002518 0.001509
28 0.499314 0.374072 0.009374 0.006644
30 0.499314 0.374072 0.009374 0.006644
28 0.518045 0.376061 0.002518 0.001509
28 0.537101 0.395334 0.009673 0.007469
28 0.537046 0.384774 0.009025 0.005682
30 0.536997 0.374242 0.009201 0.006094
92 0.552185 0.376199 0.003628 0.004342
30 0.571799 0.382331 0.003744 0.001516
30 0.563899 0.375174 0.008140 0.003941
28 0.571692 0.363765 0.003744 0.001516
92 0.591142 0.376199 0.003628 0.004342
30 0.620322 0.396270 0.008667 0.006939
28 0.622806 0.384706 0.002945 0.002357
30 0.620567 0.374070 0.005512 0.001904
92 0.651236 0.376212 0.005341 0.005454
91 0.682862 0.375056 0.005268 0.000897
30 0.768482 0.395122 0.002211 0.001519
28 0.776200 0.392966 0.002211 0.001519
30 0.793425 0.389697 0.011323 0.005178
28 0.793425 0.389697 0.011323 0.005178
30 0.802952 0.388476 0.003244 0.002612
28 0.796680 0.384439 0.002211 0.001519
30 0.804711 0.382331 0.002211 0.001519
67 0.800821 0.382214 0.001380 0.003967
28 0.809733 0.380231 0.002211 0.001519
28 0.824465 0.380231 0.002211 0.001519
30 0.843032 0.380404 0.007195 0.004078
65 0.828407 0.382331 0.001106 0.004015
28 0.828071 0.385073 0.003303 0.002474
30 0.845724 0.385372 0.002890 0.002474
27 0.846966 0.376072 0.002818 0.003148
5 0.858594 0.376660 0.004198 0.011262
32 0.874531 0.388557 0.002655 0.002062
30 0.906462 0.396952 0.002891 0.002566
30 0.914145 0.392058 0.009616 0.006873
27 0.865096 0.376073 0.002600 0.003565
30 0.157942 0.426161 0.008503 0.006521
28 0.170262 0.428662 0.007823 0.006168
28 0.170262 0.428662 0.007823 0.006168
28 0.214546 0.431256 0.009750 0.005992
30 0.214546 0.431256 0.009750 0.005992
28 0.224398 0.428229 0.008730 0.006609
30 0.244324 0.432771 0.003156 0.001815
28 0.252891 0.430677 0.003156 0.001815
30 0.261628 0.432828 0.003156 0.001815
28 0.270231 0.430726 0.003156 0.001815
28 0.283128 0.430762 0.003156 0.001815
67 0.277000 0.430627 0.001969 0.004742
30 0.302335 0.425828 0.008850 0.005636
30 0.302335 0.425828 0.008850 0.005636
28 0.302335 0.425828 0.008850 0.005636
30 0.305793 0.430070 0.003599 0.002474
30 0.333559 0.430269 0.004189 0.002887
28 0.333559 0.430269 0.004189 0.002887
67 0.323647 0.430606 0.000932 0.004304
30 0.333559 0.430269 0.004189 0.002887
28 0.330130 0.424725 0.008909 0.005911
30 0.330130 0.424725 0.008909 0.005911
28 0.344199 0.422272 0.001494 0.001648
30 0.348119 0.420182 0.001494 0.001648
30 0.352221 0.424371 0.001494 0.001648
5 0.364332 0.418699 0.007051 0.009015
30 0.379498 0.437534 0.003125 0.002383
28 0.379173 0.425131 0.002830 0.003528
92 0.404860 0.418240 0.003321 0.003942
28 0.430168 0.434584 0.004009 0.003162
30 0.421329 0.424424 0.009021 0.006415
28 0.423460 0.413979 0.003427 0.001376
92 0.442065 0.418240 0.003321 0.003942
30 0.468349 0.439199 0.008785 0.007881
28 0.466175 0.426444 0.002419 0.001388
28 0.483899 0.421326 0.006014 0.004353
28 0.483899 0.421326 0.006014 0.004353
30 0.499568 0.424822 0.008667 0.005774
28 0.499568 0.424822 0.008667 0.005774
30 0.518336 0.428608 0.002419 0.001388
28 0.540522 0.431137 0.003421 0.002383
28 0.537242 0.426894 0.008494 0.005728
30 0.537516 0.416397 0.008376 0.006094
92 0.552185 0.418240 0.003481 0.003997
30 0.571799 0.424371 0.003593 0.001396
30 0.564272 0.417268 0.008140 0.003345
28 0.571692 0.405805 0.003593 0.001396
92 0.591142 0.418240 0.003481 0.003997
30 0.620372 0.438259 0.008835 0.007135
28 0.620067 0.426212 0.005354 0.001752
30 0.620595 0.416108 0.005354 0.001752
92 0.651300 0.418251 0.005189 0.005017
91 0.682941 0.417096 0.005118 0.000825
30 0.768482 0.437163 0.002122 0.001398
28 0.776200 0.435007 0.002122 0.001398
30 0.793803 0.431761 0.009908 0.005957
28 0.793803 0.431761 0.009908 0.005957
30 0.793803 0.431761 0.009908 0.005957
28 0.796680 0.426479 0.002122 0.001398
30 0.803263 0.421835 0.005426 0.004307
67 0.800821 0.424254 0.001324 0.003652
28 0.803263 0.421835 0.005426 0.004307
28 0.824465 0.422272 0.002122 0.001398
30 0.832060 0.424371 0.002122 0.001398
65 0.828407 0.424371 0.001061 0.003696
28 0.837163 0.426479 0.002122 0.001398
30 0.842271 0.428597 0.002122 0.001398
27 0.846966 0.418113 0.002704 0.002898
5 0.858595 0.418700 0.004083 0.010648
28 0.868407 0.432324 0.003657 0.002658
92 0.891264 0.418240 0.001923 0.004656
91 0.902287 0.417078 0.001897 0.000766
27 0.865099 0.418114 0.002529 0.003370
28 0.131629 0.450375 0.002834 0.002203
28 0.170822 0.453186 0.009297 0.005463
28 0.209067 0.459528 0.009840 0.009925
30 0.247957 0.465755 0.009840 0.009925
30 0.295185 0.462278 0.004838 0.004032
30 0.308648 0.453241 0.003739 0.010263
30 0.330640 0.453288 0.008555 0.005132
28 0.330640 0.453288 0.008555 0.005132
30 0.330640 0.453288 0.008555 0.005132
28 0.336193 0.459530 0.003739 0.010263
67 0.333708 0.459414 0.002333 0.026813
30 0.340162 0.457438 0.003739 0.010263
28 0.330640 0.453288 0.008555 0.005132
30 0.348147 0.453241 0.003739 0.010263
30 0.352054 0.457438 0.003739 0.010263
6 0.364048 0.459541 0.020693 0.039990
28 0.373695 0.459183 0.002771 0.002199
65 0.380794 0.459529 0.005363 0.034947
92 0.405127 0.459669 0.010394 0.037853
30 0.423810 0.453242 0.010726 0.013217
92 0.442200 0.459669 0.010394 0.037853
34 0.473133 0.463819 0.008372 0.006048
30 0.500959 0.468378 0.008785 0.005636
30 0.500959 0.468378 0.008785 0.005636
30 0.500959 0.468378 0.008785 0.005636
30 0.518032 0.465770 0.007713 0.013304
67 0.513632 0.465656 0.004812 0.034758
28 0.537662 0.466247 0.008494 0.005774
92 0.552188 0.459669 0.010921 0.038667
28 0.571740 0.467851 0.011270 0.013502
28 0.564808 0.458485 0.008376 0.003666
30 0.571781 0.453241 0.011270 0.013502
92 0.591137 0.459669 0.010921 0.038667
30 0.619979 0.466451 0.007405 0.005891
92 0.653987 0.459665 0.021735 0.034507
91 0.686216 0.458493 0.021437 0.005678
30 0.779041 0.464496 0.002654 0.002062
28 0.779041 0.464496 0.002654 0.002062
30 0.793498 0.460255 0.008315 0.006003
28 0.793498 0.460255 0.008315 0.006003
30 0.780360 0.457804 0.005897 0.005728
28 0.805725 0.458137 0.005544 0.005957
30 0.804726 0.453241 0.006657 0.013507
67 0.800847 0.453125 0.004153 0.035287
28 0.809733 0.451136 0.006657 0.013507
28 0.824465 0.451136 0.006657 0.013507
30 0.831984 0.453241 0.006657 0.013507
65 0.828343 0.453241 0.003329 0.035712
28 0.836977 0.455342 0.006657 0.013507
30 0.841943 0.457438 0.006657 0.013507
27 0.846966 0.459541 0.008483 0.028004
6 0.858429 0.459541 0.009648 0.038722
28 0.888507 0.458811 0.008023 0.003208
92 0.891367 0.459669 0.004846 0.029337
91 0.902399 0.458496 0.004780 0.004827
27 0.865153 0.459541 0.006373 0.021238
30 0.153180 0.492726 0.002954 0.001576
30 0.165463 0.492720 0.002954 0.001576
30 0.181920 0.492712 0.002954 0.001576
30 0.201861 0.492702 0.002954 0.001576
30 0.218602 0.492694 0.002954 0.001576
30 0.235441 0.492686 0.002954 0.001576
30 0.252425 0.492678 0.002954 0.001576
30 0.269510 0.492670 0.002954 0.001576
28 0.303553 0.496506 0.008437 0.005728
30 0.306966 0.486037 0.002950 0.002337
30 0.306966 0.486037 0.002950 0.002337
30 0.306966 0.486037 0.002950 0.002337
30 0.306966 0.486037 0.002950 0.002337
30 0.335382 0.481819 0.005487 0.004995
30 0.330475 0.490499 0.008437 0.005911
30 0.347889 0.488560 0.001414 0.001477
8 0.364942 0.493353 0.007151 0.003849
30 0.386407 0.496820 0.003239 0.001227
92 0.404883 0.494887 0.003138 0.003515
28 0.421245 0.488510 0.008195 0.005728
92 0.442077 0.494887 0.003138 0.003515
34 0.472746 0.486760 0.008313 0.006186
30 0.500586 0.490922 0.008136 0.005682
30 0.500586 0.490922 0.008136 0.005682
30 0.500586 0.490922 0.008136 0.005682
30 0.517882 0.488554 0.002287 0.001236
67 0.513463 0.488443 0.001427 0.003230
28 0.537587 0.488806 0.008730 0.006140
92 0.552185 0.494887 0.003289 0.003567
28 0.565297 0.493818 0.008081 0.003666
92 0.591142 0.494887 0.003289 0.003567
30 0.621594 0.488560 0.005598 0.001359
92 0.653127 0.494886 0.005425 0.003893
91 0.685189 0.493723 0.005351 0.000641
28 0.778512 0.499777 0.003361 0.002429
30 0.778512 0.499777 0.003361 0.002429
28 0.778512 0.499777 0.003361 0.002429
30 0.793498 0.497412 0.008138 0.005957
28 0.780130 0.492979 0.006546 0.005590
30 0.797162 0.491291 0.002654 0.002062
28 0.797162 0.491291 0.002654 0.002062
67 0.800910 0.490500 0.001251 0.003259
30 0.797162 0.487057 0.003126 0.002658
30 0.824297 0.488560 0.002005 0.001247
28 0.831809 0.490614 0.002005 0.001247
65 0.828196 0.490614 0.001002 0.003298
30 0.836855 0.492677 0.002005 0.001247
28 0.841907 0.494748 0.002005 0.001247
27 0.846966 0.494760 0.002555 0.002586
8 0.858937 0.493349 0.004162 0.004596
30 0.888161 0.494056 0.008613 0.003757
92 0.891272 0.494887 0.001827 0.004197
91 0.902294 0.493725 0.001802 0.000691
27 0.865103 0.494761 0.002402 0.003038
88 0.104881 0.546385 0.012703 0.002078
88 0.236779 0.546386 0.003138 0.002078
88 0.292990 0.546386 0.003486 0.002078
36 0.333701 0.532465 0.005836 0.004491
5 0.420070 0.550089 0.008628 0.028875
36 0.426820 0.530168 0.009968 0.007515
67 0.431191 0.532761 0.002616 0.011518
30 0.501236 0.530799 0.005356 0.004409
92 0.519243 0.549627 0.005190 0.012627
91 0.537295 0.548462 0.005119 0.002077
88 0.626586 0.546386 0.006357 0.002077
88 0.711353 0.546386 0.003486 0.002077
88 0.771549 0.546386 0.003516 0.002077
5 0.804205 0.550089 0.008053 0.028860
38 0.814599 0.531416 0.010264 0.006186
38 0.869443 0.532444 0.008200 0.003849
88 0.104562 0.581194 0.011365 0.001955
88 0.236616 0.581171 0.002867 0.001914
88 0.292988 0.581165 0.003279 0.001864
38 0.339583 0.579327 0.003419 0.002612
5 0.420036 0.584899 0.008458 0.028191
38 0.427194 0.575873 0.008611 0.006827
28 0.501250 0.575981 0.004944 0.004126
92 0.519007 0.584430 0.004791 0.011817
91 0.537018 0.583257 0.004725 0.001944
88 0.626209 0.581174 0.005743 0.001956
88 0.711351 0.581165 0.003295 0.001881
88 0.771549 0.581165 0.003324 0.001886
5 0.804163 0.584888 0.007588 0.026171
36 0.816882 0.572073 0.006253 0.004491
36 0.882487 0.572130 0.002832 0.002154
63 0.865712 0.569308 0.004808 0.010552
88 0.104572 0.617090 0.010680 0.001851
88 0.236638 0.617056 0.002776 0.001773
88 0.292988 0.617053 0.003151 0.001721
88 0.365982 0.617053 0.006427 0.001763
5 0.420018 0.620776 0.007938 0.024960
38 0.436396 0.613955 0.004968 0.003811
28 0.501276 0.611818 0.005305 0.004368
92 0.519240 0.620326 0.005141 0.012509
91 0.537294 0.619152 0.005070 0.002058
88 0.626582 0.617053 0.005774 0.001743
88 0.711351 0.617053 0.003166 0.001736
88 0.771549 0.617053 0.003194 0.001741
5 0.804176 0.620774 0.007283 0.023992
38 0.809510 0.621647 0.003598 0.003757
38 0.874853 0.623593 0.004897 0.003299
63 0.866453 0.619835 0.004353 0.009302
88 0.106141 0.659690 0.023101 0.003483
88 0.237032 0.659763 0.004835 0.004037
88 0.292987 0.659767 0.004980 0.004320
36 0.334294 0.641431 0.006603 0.004582
8 0.420455 0.661458 0.013281 0.027392
36 0.427231 0.643795 0.009319 0.007973
30 0.501018 0.643623 0.008010 0.008067
92 0.519669 0.663010 0.007762 0.023102
91 0.537801 0.661840 0.007655 0.003801
88 0.627533 0.659768 0.010564 0.003645
88 0.711350 0.659767 0.004961 0.004277
88 0.771547 0.659767 0.005004 0.004323
8 0.804541 0.661465 0.012490 0.028134
38 0.809323 0.650180 0.006371 0.004903
36 0.883776 0.651729 0.003245 0.002566
88 0.105541 0.696232 0.012606 0.002051
88 0.236776 0.696232 0.003135 0.002051
88 0.292988 0.696232 0.003482 0.002051
88 0.365981 0.696232 0.007102 0.002051
5 0.420069 0.699889 0.008622 0.028505
88 0.460295 0.696232 0.004005 0.002051
88 0.534971 0.696232 0.005114 0.002051
88 0.626582 0.696232 0.006351 0.002051
88 0.711351 0.696232 0.003482 0.002051
88 0.771548 0.696232 0.003513 0.002051
5 0.804206 0.699889 0.008053 0.028506
36 0.818919 0.695581 0.006559 0.005324
36 0.873599 0.696013 0.005400 0.003835
88 0.105207 0.733068 0.012648 0.002102
88 0.236776 0.733068 0.003135 0.002102
88 0.292988 0.733068 0.003482 0.002102
88 0.365981 0.733068 0.007102 0.002102
5 0.420069 0.736817 0.008622 0.029221
88 0.460295 0.733068 0.004005 0.002102
88 0.534971 0.733068 0.005114 0.002102
88 0.626582 0.733068 0.006351 0.002102
88 0.711351 0.733068 0.003482 0.002102
88 0.771548 0.733068 0.003513 0.002102
5 0.804206 0.736817 0.008053 0.029221
88 0.833725 0.733068 0.003741 0.002102
88 0.892345 0.733068 0.007441 0.002102
88 0.106101 0.768385 0.044528 0.009122
88 0.236941 0.768455 0.007956 0.010583
88 0.292987 0.768457 0.007976 0.011061
88 0.366865 0.768444 0.026912 0.008726
8 0.420407 0.770157 0.021352 0.039990
88 0.460423 0.768456 0.009243 0.010629
88 0.535278 0.768455 0.012921 0.010427
88 0.627344 0.768456 0.018668 0.009834
88 0.711625 0.768454 0.009426 0.010267
88 0.771547 0.768457 0.007996 0.011015
8 0.804521 0.770159 0.020095 0.039990
88 0.833791 0.768457 0.008699 0.010910
88 0.892603 0.768454 0.019551 0.010625
32 0.123612 0.820252 0.010218 0.006472
30 0.184420 0.826462 0.007647 0.007051
30 0.195155 0.821865 0.009812 0.007103
28 0.219352 0.820726 0.010731 0.006278
77 0.211166 0.823971 0.001429 0.003265
28 0.219352 0.820726 0.010731 0.006278
77 0.218305 0.823971 0.001429 0.003265
30 0.231956 0.823995 0.003007 0.002612
77 0.225495 0.830115 0.001429 0.003265
30 0.231956 0.823995 0.003007 0.002612
77 0.232616 0.826023 0.001429 0.003265
28 0.244164 0.819550 0.003125 0.002291
77 0.239750 0.823971 0.001429 0.003265
28 0.244164 0.819550 0.003125 0.002291
77 0.246903 0.823971 0.001429 0.003265
30 0.254026 0.826524 0.004681 0.009037
77 0.254001 0.830115 0.001429 0.003265
30 0.261207 0.822417 0.004681 0.009037
77 0.261169 0.826023 0.001429 0.003265
28 0.271897 0.820357 0.005199 0.009061
77 0.271945 0.823971 0.001587 0.003273
28 0.277551 0.816067 0.003126 0.002612
77 0.284091 0.819852 0.001587 0.003273
28 0.291893 0.810707 0.006074 0.004216
77 0.296300 0.818315 0.001587 0.003273
28 0.305909 0.806542 0.008846 0.003666
76 0.308650 0.801614 0.001587 0.003273
30 0.334916 0.806846 0.008430 0.003941
92 0.353570 0.808041 0.010277 0.026585
91 0.378580 0.806868 0.010136 0.004374
5 0.420096 0.808506 0.012318 0.039990
91 0.435854 0.806867 0.005722 0.004222
92 0.457466 0.808041 0.005802 0.025659
30 0.471668 0.809989 0.005987 0.008959
28 0.477783 0.812070 0.005987 0.008959
30 0.483864 0.814147 0.005987 0.008959
28 0.477451 0.818088 0.005603 0.005132
34 0.505877 0.817464 0.004894 0.003482
28 0.556178 0.823435 0.006780 0.004674
28 0.565805 0.821183 0.010495 0.005911
67 0.564561 0.820221 0.004873 0.023150
34 0.589976 0.818571 0.008019 0.006278
28 0.658117 0.826412 0.009965 0.005819
28 0.668541 0.821423 0.010319 0.005911
67 0.663443 0.820196 0.006340 0.022538
30 0.691373 0.818945 0.008080 0.006232
77 0.682647 0.821914 0.001585 0.003259
30 0.691373 0.818945 0.008080 0.006232
77 0.690633 0.821914 0.001585 0.003259
28 0.691629 0.824886 0.003008 0.002337
77 0.698646 0.828071 0.001585 0.003259
28 0.716956 0.818889 0.003008 0.002291
67 0.702758 0.820242 0.003238 0.023568
77 0.706852 0.823971 0.001585 0.003259
30 0.716956 0.818889 0.003008 0.002291
77 0.714834 0.821914 0.001585 0.003259
30 0.716956 0.818889 0.003008 0.002291
77 0.722804 0.821914 0.001585 0.003259
28 0.730757 0.824473 0.005190 0.009021
77 0.730729 0.828071 0.001585 0.003259
28 0.738791 0.820357 0.005190 0.009021
77 0.738748 0.823971 0.001585 0.003259
30 0.746651 0.816667 0.003068 0.003070
77 0.750246 0.821914 0.001598 0.003268
30 0.756430 0.812494 0.002655 0.002062
77 0.762564 0.818315 0.001598 0.003268
30 0.770590 0.811489 0.005545 0.004353
77 0.774929 0.814172 0.001598 0.003268
30 0.784894 0.807299 0.008495 0.003803
67 0.783653 0.805694 0.003266 0.023631
76 0.787415 0.801614 0.001598 0.003268
5 0.804222 0.808506 0.011533 0.039990
28 0.821305 0.806122 0.003068 0.002658
92 0.827782 0.808041 0.005432 0.025860
91 0.840227 0.806868 0.005357 0.004255
36 0.873256 0.820108 0.009144 0.004491
65 0.866360 0.820397 0.005737 0.023518
30 0.104321 0.870186 0.026418 0.031912
92 0.128825 0.851685 0.025599 0.039990
91 0.153876 0.850515 0.025249 0.015037
30 0.218119 0.870294 0.009375 0.008156
92 0.225431 0.851687 0.010416 0.039990
30 0.239862 0.869885 0.010749 0.035552
92 0.254236 0.851686 0.010416 0.039990
30 0.272173 0.869876 0.010488 0.037022
92 0.283971 0.851688 0.010163 0.039990
91 0.296231 0.850522 0.010024 0.017445
88 0.366844 0.848424 0.037866 0.013904
5 0.420122 0.852151 0.025126 0.039990
91 0.435876 0.850521 0.011671 0.016818
92 0.457507 0.851688 0.011833 0.039990
30 0.471685 0.853620 0.012212 0.035691
28 0.477765 0.855680 0.012212 0.035691
30 0.483797 0.857730 0.012212 0.035691
28 0.489816 0.859770 0.012212 0.035691
30 0.509401 0.860282 0.002771 0.002337
92 0.519471 0.851687 0.016884 0.039990
91 0.537559 0.850521 0.016653 0.016527
28 0.590496 0.869307 0.010555 0.005544
92 0.607630 0.851684 0.024830 0.039990
91 0.630143 0.850520 0.024489 0.015378
28 0.691736 0.869978 0.009260 0.005819
92 0.698655 0.851686 0.012580 0.039990
28 0.715049 0.867882 0.012982 0.034862
92 0.731025 0.851685 0.012580 0.039990
28 0.750454 0.867875 0.010563 0.037211
92 0.762450 0.851688 0.010236 0.039990
91 0.774853 0.850522 0.010096 0.017534
5 0.804238 0.852150 0.024485 0.039990
38 0.812279 0.864674 0.007079 0.004628
36 0.873776 0.864046 0.009675 0.004216
30 0.123235 0.897497 0.008391 0.006472
92 0.145743 0.887507 0.008780 0.028824
91 0.165173 0.886333 0.008660 0.004742
30 0.217975 0.897560 0.008962 0.006919
92 0.225305 0.887508 0.004840 0.029460
30 0.239751 0.897759 0.004995 0.010287
92 0.254140 0.887508 0.004840 0.029460
30 0.271874 0.897759 0.005547 0.010314
92 0.283970 0.887508 0.005376 0.029538
91 0.296230 0.886335 0.005302 0.004860
88 0.365980 0.884241 0.010815 0.004979
6 0.419814 0.887380 0.012341 0.038679
91 0.435848 0.886334 0.006114 0.004821
92 0.457458 0.887508 0.006199 0.029304
28 0.471643 0.891538 0.006397 0.010232
30 0.477754 0.893615 0.006397 0.010232
28 0.483830 0.895686 0.006397 0.010232
30 0.489910 0.897753 0.006397 0.010232
28 0.506955 0.896331 0.008490 0.005819
92 0.519348 0.887507 0.008084 0.029034
91 0.537419 0.886334 0.007973 0.004777
28 0.590699 0.895952 0.008491 0.006186
92 0.607326 0.887506 0.010528 0.028366
91 0.629794 0.886333 0.010383 0.004667
28 0.679403 0.895975 0.003126 0.002474
92 0.698446 0.887508 0.005374 0.029495
28 0.714835 0.895690 0.005546 0.010299
92 0.730865 0.887508 0.005374 0.029495
28 0.746832 0.895896 0.003245 0.002933
92 0.762450 0.887508 0.005421 0.029574
91 0.774851 0.886335 0.005347 0.004866
6 0.803962 0.887380 0.011694 0.039921
38 0.812116 0.887531 0.004542 0.004307
36 0.870110 0.888119 0.003068 0.002383
30 0.122965 0.927806 0.008662 0.005946
92 0.145850 0.926025 0.022608 0.039990
91 0.165324 0.924856 0.022298 0.021616
30 0.216377 0.927891 0.008491 0.005957
92 0.225418 0.926028 0.014681 0.039990
30 0.229018 0.928746 0.005778 0.004582
92 0.254225 0.926027 0.014681 0.039990
30 0.271849 0.927969 0.019196 0.039990
92 0.284089 0.926026 0.018602 0.039990
91 0.296363 0.924860 0.018347 0.029443
88 0.366813 0.922765 0.059189 0.024713
8 0.420395 0.924478 0.036017 0.039990
91 0.435864 0.924861 0.015591 0.029532
92 0.457493 0.926028 0.015807 0.039990
28 0.471839 0.917517 0.016312 0.039990
30 0.477989 0.919626 0.016312 0.039990
28 0.484090 0.921724 0.016312 0.039990
30 0.490179 0.923812 0.016312 0.039990
28 0.507641 0.926528 0.008078 0.005957
92 0.519443 0.926027 0.023411 0.039990
91 0.537526 0.924861 0.023090 0.028972
28 0.590540 0.926205 0.008609 0.005728
92 0.607568 0.926025 0.035140 0.039990
91 0.630070 0.924860 0.034659 0.026143
28 0.679725 0.925978 0.003008 0.002566
92 0.698633 0.926027 0.018096 0.039990
28 0.717994 0.925026 0.008139 0.003666
92 0.731008 0.926025 0.018096 0.039990
28 0.747121 0.925707 0.002832 0.002245
92 0.762450 0.926028 0.013677 0.039990
91 0.774853 0.924862 0.013490 0.031234
8 0.804515 0.924479 0.036714 0.039990
36 0.812578 0.927714 0.004778 0.004995
38 0.871346 0.928821 0.003009 0.002337
