120 0.314116 0.064583 0.282834 0.129167
120 0.776112 0.122500 0.313340 0.163333
24 0.834023 0.430833 0.070321 0.096667
24 0.345140 0.354167 0.072906 0.100000
26 0.435367 0.303750 0.071355 0.090833
24 0.166753 0.173333 0.071872 0.100000
26 0.919597 0.389583 0.071872 0.092500
26 0.260858 0.210833 0.069804 0.096667
26 0.695967 0.292083 0.068252 0.082500
24 0.607032 0.247917 0.075491 0.079167
61 0.767322 0.434583 0.051706 0.282500
59 0.526629 0.215000 0.058428 0.236667
62 0.032575 0.563750 0.045502 0.217500
60 0.438211 0.519167 0.048087 0.171667
