38 0.331172 0.061409 0.011570 0.004228
5 0.293383 0.084670 0.022250 0.023255
38 0.484574 0.061442 0.016538 0.004162
34 0.636042 0.061438 0.012443 0.004162
92 0.712684 0.080441 0.014357 0.010406
36 0.328895 0.111461 0.009534 0.003390
5 0.292759 0.127424 0.018335 0.018646
36 0.483681 0.111110 0.012989 0.003554
63 0.468739 0.111175 0.009992 0.007820
34 0.635018 0.113156 0.009627 0.003539
92 0.711068 0.123448 0.011108 0.008848
38 0.326685 0.168970 0.007563 0.002237
5 0.292183 0.170786 0.014544 0.012301
38 0.482043 0.169047 0.009182 0.002587
63 0.469537 0.169031 0.007063 0.005690
32 0.633176 0.171014 0.006759 0.002591
92 0.708516 0.167064 0.007799 0.006478
34 0.148097 0.203903 0.013667 0.004113
92 0.232199 0.218508 0.015770 0.010283
38 0.378754 0.199710 0.006336 0.004175
5 0.358047 0.222686 0.012184 0.022962
30 0.460919 0.199766 0.003626 0.004115
30 0.476721 0.199737 0.003626 0.004115
30 0.492591 0.199709 0.003626 0.004115
30 0.508514 0.199680 0.003626 0.004115
28 0.529158 0.197665 0.005804 0.004116
30 0.568236 0.195539 0.005804 0.004116
92 0.548665 0.218507 0.006696 0.010289
92 0.587844 0.218507 0.006696 0.010289
76 0.531168 0.194817 0.004464 0.002881
76 0.570250 0.192685 0.004464 0.002881
28 0.616153 0.197650 0.010937 0.004119
30 0.689876 0.203884 0.010937 0.004119
92 0.652980 0.218508 0.012619 0.010297
92 0.726828 0.218508 0.012619 0.010297
76 0.619941 0.194798 0.008413 0.002883
76 0.693674 0.201028 0.008413 0.002883
28 0.768196 0.201824 0.004838 0.004117
92 0.789390 0.218507 0.005582 0.010292
91 0.810656 0.218507 0.005582 0.010292
28 0.879075 0.201876 0.003013 0.004132
28 0.893079 0.201855 0.003013 0.004132
28 0.907116 0.201834 0.003013 0.004132
5 0.855066 0.222670 0.005795 0.022728
92 0.865073 0.218512 0.003477 0.010331
34 0.138226 0.247146 0.011959 0.003671
92 0.227627 0.257420 0.013799 0.009178
38 0.378280 0.243285 0.005707 0.003569
5 0.357883 0.261465 0.010974 0.019628
30 0.461006 0.243226 0.003254 0.003520
30 0.476541 0.243147 0.003254 0.003520
30 0.492257 0.243068 0.003254 0.003520
30 0.508143 0.242987 0.003254 0.003520
28 0.529309 0.240810 0.005417 0.003876
28 0.568140 0.244892 0.005417 0.003876
92 0.548536 0.257407 0.006251 0.009690
92 0.587719 0.257420 0.006251 0.009690
76 0.531330 0.237981 0.004167 0.002713
76 0.570166 0.242043 0.004167 0.002713
30 0.615991 0.251266 0.008988 0.003675
28 0.688962 0.253265 0.008988 0.003675
92 0.652232 0.257419 0.010370 0.009188
92 0.726153 0.257419 0.010370 0.009188
76 0.619716 0.247935 0.006913 0.002573
76 0.692767 0.247817 0.006913 0.002573
30 0.768190 0.255323 0.004701 0.004004
92 0.789351 0.257411 0.005425 0.010010
91 0.810603 0.257417 0.005425 0.010010
30 0.878959 0.251254 0.002673 0.003287
30 0.892887 0.251234 0.002673 0.003287
30 0.906903 0.251213 0.002673 0.003287
5 0.854938 0.261504 0.005140 0.018080
92 0.864975 0.257395 0.003084 0.008218
32 0.102243 0.301820 0.015403 0.003760
92 0.213209 0.301819 0.017772 0.009401
36 0.378561 0.297668 0.005737 0.003508
5 0.357937 0.305951 0.011033 0.019296
28 0.460890 0.297661 0.003336 0.003509
28 0.476665 0.297652 0.003336 0.003509
28 0.492527 0.297642 0.003336 0.003509
28 0.508461 0.297632 0.003336 0.003509
30 0.529127 0.295614 0.005217 0.003662
28 0.567999 0.293490 0.005217 0.003662
92 0.548482 0.301814 0.006020 0.009156
92 0.587683 0.301811 0.006020 0.009156
76 0.531135 0.292264 0.004013 0.002564
76 0.570005 0.290650 0.004013 0.002564
30 0.616043 0.295609 0.009367 0.003738
28 0.689195 0.301818 0.009367 0.003738
92 0.652423 0.301817 0.010808 0.009346
92 0.726327 0.301818 0.010808 0.009346
76 0.619790 0.292250 0.007206 0.002617
76 0.693000 0.296336 0.007206 0.002617
30 0.768232 0.299715 0.004510 0.003478
92 0.789447 0.301802 0.005204 0.008695
91 0.810727 0.301802 0.005204 0.008695
5 0.855008 0.305972 0.005267 0.018766
34 0.104694 0.327136 0.011271 0.003085
92 0.212943 0.341140 0.013005 0.007713
30 0.338797 0.330844 0.002884 0.002839
30 0.349067 0.326719 0.002884 0.002839
91 0.291459 0.341120 0.003328 0.007096
92 0.322868 0.341123 0.003328 0.007096
38 0.378815 0.323213 0.004873 0.002506
8 0.358166 0.337098 0.009371 0.013785
30 0.461330 0.323158 0.002822 0.002512
30 0.476802 0.323094 0.002822 0.002512
30 0.492399 0.323029 0.002822 0.002512
30 0.508107 0.322964 0.002822 0.002512
28 0.529376 0.325194 0.004285 0.002742
28 0.567660 0.337049 0.004285 0.002742
92 0.548203 0.341124 0.004944 0.006855
92 0.587428 0.341120 0.004944 0.006855
76 0.531373 0.322492 0.003296 0.001919
76 0.569652 0.331734 0.003296 0.001919
30 0.615927 0.335104 0.007239 0.003023
28 0.687940 0.349393 0.007239 0.003023
92 0.651454 0.341132 0.008353 0.007557
92 0.725432 0.341136 0.008353 0.007557
76 0.619631 0.331842 0.005569 0.002116
77 0.691741 0.352237 0.005569 0.002116
30 0.768095 0.343163 0.003823 0.002544
92 0.789445 0.341107 0.004411 0.006360
91 0.810727 0.341107 0.004411 0.006360
8 0.855218 0.337057 0.004463 0.013269
34 0.153226 0.366006 0.007809 0.002805
92 0.232758 0.376100 0.009011 0.007014
38 0.378733 0.365907 0.004563 0.002207
5 0.357820 0.380191 0.008776 0.012139
30 0.461136 0.365883 0.002652 0.002215
30 0.476751 0.365853 0.002652 0.002215
30 0.492471 0.365824 0.002652 0.002215
30 0.508280 0.365794 0.002652 0.002215
30 0.529548 0.365803 0.004294 0.002209
30 0.568316 0.374001 0.004294 0.002209
92 0.548733 0.376072 0.004955 0.005523
92 0.587907 0.376072 0.004955 0.005523
76 0.531644 0.363035 0.003303 0.001546
76 0.570312 0.370659 0.003303 0.001546
30 0.615787 0.374075 0.006714 0.002745
28 0.687741 0.371945 0.006714 0.002745
92 0.651228 0.376096 0.007747 0.006862
92 0.725222 0.376096 0.007747 0.006862
76 0.619494 0.370795 0.005165 0.001921
76 0.691574 0.366508 0.005165 0.001921
30 0.768277 0.374001 0.003580 0.002256
92 0.789446 0.376072 0.004130 0.005641
91 0.810727 0.376072 0.004130 0.005641
76 0.770090 0.370659 0.002754 0.001579
30 0.879096 0.374010 0.002175 0.002139
30 0.893086 0.374007 0.002175 0.002139
30 0.907110 0.374005 0.002175 0.002139
5 0.854930 0.380220 0.004183 0.011763
92 0.865074 0.376074 0.002510 0.005347
36 0.378631 0.414017 0.004296 0.001946
5 0.357823 0.422239 0.008261 0.010702
28 0.460965 0.414009 0.002501 0.001952
28 0.476695 0.413999 0.002501 0.001952
28 0.492516 0.413988 0.002501 0.001952
28 0.508412 0.413978 0.002501 0.001952
30 0.529389 0.411925 0.004040 0.001955
30 0.568316 0.416041 0.004040 0.001955
92 0.548733 0.418113 0.004661 0.004887
92 0.587907 0.418113 0.004661 0.004887
76 0.531513 0.408612 0.003107 0.001368
76 0.570312 0.412699 0.003107 0.001368
30 0.615806 0.416141 0.006957 0.002681
28 0.688044 0.422252 0.006957 0.002681
92 0.651465 0.418142 0.008027 0.006702
92 0.725452 0.418135 0.008027 0.006702
76 0.619491 0.412889 0.005351 0.001877
77 0.691903 0.427675 0.005351 0.001877
30 0.768277 0.416041 0.003367 0.001996
92 0.789446 0.418113 0.003885 0.004991
91 0.810727 0.418113 0.003885 0.004991
76 0.770090 0.412699 0.002590 0.001398
5 0.854931 0.422264 0.003938 0.010405
32 0.378961 0.467881 0.008824 0.007964
8 0.357957 0.455341 0.016969 0.043802
91 0.410532 0.459541 0.010181 0.019910
28 0.476889 0.467873 0.005213 0.007959
28 0.492755 0.467865 0.005213 0.007959
28 0.508590 0.467857 0.005213 0.007959
92 0.460876 0.459541 0.006015 0.019897
30 0.529186 0.461628 0.008271 0.008062
30 0.568318 0.461628 0.008271 0.008062
92 0.548733 0.459541 0.009543 0.020155
92 0.587907 0.459541 0.009543 0.020155
77 0.531260 0.465004 0.006362 0.005643
77 0.570324 0.465004 0.006362 0.005643
30 0.616446 0.461643 0.018192 0.006824
28 0.691183 0.467836 0.018192 0.006824
92 0.654035 0.459533 0.020991 0.017059
92 0.727756 0.459531 0.020991 0.017059
77 0.620416 0.465054 0.013994 0.004776
77 0.694971 0.470657 0.013994 0.004776
30 0.768232 0.461628 0.006894 0.008105
92 0.789447 0.459541 0.007955 0.020262
91 0.810727 0.459541 0.007955 0.020262
77 0.769977 0.465004 0.005303 0.005673
8 0.855013 0.455348 0.008194 0.044650
34 0.152694 0.504904 0.006838 0.002216
30 0.232538 0.513663 0.006838 0.002216
30 0.268783 0.509648 0.006838 0.002216
30 0.291174 0.505256 0.002456 0.001655
30 0.299201 0.505256 0.002456 0.001655
30 0.307080 0.513822 0.002456 0.001655
30 0.315208 0.509520 0.002456 0.001655
30 0.323246 0.505256 0.002456 0.001655
30 0.331272 0.505256 0.002456 0.001655
30 0.339360 0.509520 0.002456 0.001655
30 0.349614 0.505256 0.002456 0.001655
77 0.292435 0.508165 0.001889 0.001159
77 0.300486 0.508165 0.001889 0.001159
77 0.308401 0.516783 0.001889 0.001159
77 0.316547 0.512455 0.001889 0.001159
77 0.324604 0.508165 0.001889 0.001159
77 0.332655 0.508165 0.001889 0.001159
34 0.378409 0.500985 0.003949 0.001637
28 0.431022 0.494761 0.003949 0.001637
28 0.448439 0.490630 0.003949 0.001637
5 0.357829 0.498894 0.007595 0.009001
28 0.461096 0.486573 0.002303 0.001640
28 0.468840 0.490646 0.002303 0.001640
28 0.476664 0.494762 0.002303 0.001640
28 0.484585 0.498920 0.002303 0.001640
30 0.492569 0.501018 0.002303 0.001640
30 0.500641 0.505245 0.002303 0.001640
30 0.508781 0.509516 0.002303 0.001640
30 0.517008 0.513832 0.002303 0.001640
76 0.462415 0.483804 0.001772 0.001148
76 0.470198 0.485301 0.001772 0.001148
76 0.477987 0.489366 0.001772 0.001148
76 0.485872 0.493474 0.001772 0.001148
77 0.493846 0.504437 0.001772 0.001148
77 0.501947 0.508152 0.001772 0.001148
77 0.510120 0.512451 0.001772 0.001148
77 0.518379 0.516797 0.001772 0.001148
28 0.528652 0.507383 0.003710 0.001649
30 0.568333 0.501030 0.003710 0.001649
30 0.568316 0.492688 0.003710 0.001649
28 0.568294 0.482464 0.003710 0.001649
92 0.548733 0.494760 0.004281 0.004121
92 0.587907 0.494760 0.004281 0.004121
77 0.530585 0.510306 0.002854 0.001154
76 0.570271 0.479707 0.002854 0.001154
28 0.615522 0.502804 0.006318 0.002248
30 0.615775 0.492794 0.006318 0.002248
30 0.615976 0.484855 0.006318 0.002248
30 0.687959 0.513395 0.006318 0.002248
30 0.687879 0.505081 0.006318 0.002248
28 0.687781 0.494781 0.006318 0.002248
92 0.651277 0.494785 0.007290 0.005619
92 0.725276 0.494777 0.007290 0.005619
76 0.619637 0.482139 0.004860 0.001573
77 0.691837 0.516281 0.004860 0.001573
34 0.767367 0.513822 0.003092 0.001684
32 0.767827 0.503138 0.003092 0.001684
34 0.768277 0.492688 0.003092 0.001684
30 0.831857 0.488572 0.003092 0.001684
34 0.865355 0.484527 0.001882 0.001596
28 0.907026 0.486537 0.001882 0.001596
30 0.911729 0.488578 0.001882 0.001596
28 0.916442 0.490629 0.001882 0.001596
30 0.921190 0.492689 0.001882 0.001596
5 0.854932 0.498914 0.003619 0.008775
34 0.104881 0.534964 0.005516 0.004155
30 0.181062 0.530814 0.005516 0.004155
34 0.209450 0.526658 0.003436 0.004155
28 0.245865 0.528736 0.003436 0.004155
30 0.251146 0.530813 0.003436 0.004155
28 0.256413 0.532890 0.003436 0.004155
30 0.261694 0.534966 0.003436 0.004155
28 0.269243 0.532888 0.002708 0.004155
92 0.281717 0.549500 0.003124 0.010387
91 0.294178 0.549500 0.003124 0.010387
28 0.354769 0.532888 0.004242 0.004155
28 0.374300 0.532890 0.004242 0.004155
28 0.393829 0.532891 0.004242 0.004155
5 0.321383 0.553654 0.008158 0.022853
92 0.335243 0.549501 0.004895 0.010388
30 0.416713 0.534963 0.004207 0.004155
28 0.426397 0.537041 0.004207 0.004155
30 0.436079 0.539118 0.004207 0.004155
28 0.445761 0.537041 0.004207 0.004155
30 0.455442 0.534965 0.004207 0.004155
28 0.465122 0.532889 0.004207 0.004155
30 0.474802 0.530814 0.004207 0.004155
28 0.484482 0.528738 0.004207 0.004155
30 0.497557 0.526658 0.004259 0.004155
28 0.507357 0.528735 0.004259 0.004155
30 0.517158 0.526659 0.004259 0.004155
28 0.526958 0.528736 0.004259 0.004155
30 0.536757 0.526660 0.004259 0.004155
30 0.546557 0.530813 0.004259 0.004155
28 0.556355 0.532890 0.004259 0.004155
30 0.566153 0.534966 0.004259 0.004155
28 0.580116 0.532888 0.005289 0.004155
28 0.653139 0.537042 0.005289 0.004155
28 0.665308 0.532890 0.005289 0.004155
67 0.660522 0.532890 0.004069 0.009141
92 0.604459 0.549500 0.006103 0.010388
92 0.628800 0.549500 0.006103 0.010388
76 0.654923 0.534205 0.004069 0.002909
76 0.667092 0.530052 0.004069 0.002909
30 0.689246 0.530814 0.003038 0.004153
30 0.731227 0.534966 0.003038 0.004153
30 0.738213 0.530813 0.003038 0.004153
5 0.679290 0.553653 0.005843 0.022839
67 0.735460 0.530813 0.002337 0.009136
92 0.703233 0.549500 0.003506 0.010381
92 0.717230 0.549500 0.003506 0.010381
76 0.732253 0.532128 0.002337 0.002907
76 0.739239 0.527976 0.002337 0.002907
28 0.747445 0.528733 0.002748 0.004155
30 0.753759 0.543271 0.002748 0.004155
30 0.760082 0.547424 0.002748 0.004155
30 0.766404 0.543271 0.002748 0.004155
28 0.772727 0.541195 0.002748 0.004155
28 0.779049 0.545348 0.002748 0.004155
30 0.785371 0.539119 0.002748 0.004155
30 0.791680 0.543272 0.002748 0.004155
28 0.800475 0.537041 0.003091 0.004155
28 0.807576 0.541194 0.003091 0.004155
30 0.814689 0.534965 0.003091 0.004155
30 0.821802 0.539118 0.003091 0.004155
28 0.828914 0.532889 0.003091 0.004155
28 0.836027 0.537042 0.003091 0.004155
30 0.843139 0.543271 0.003091 0.004155
28 0.850237 0.541195 0.003091 0.004155
67 0.847783 0.541195 0.002378 0.009141
30 0.860281 0.539118 0.003675 0.004155
30 0.877179 0.530812 0.003675 0.004155
28 0.894091 0.528736 0.003675 0.004155
28 0.911002 0.528737 0.003675 0.004155
76 0.861521 0.536280 0.002827 0.002909
76 0.878418 0.527974 0.002827 0.002909
76 0.895330 0.525898 0.002827 0.002909
76 0.912241 0.525899 0.002827 0.002909
36 0.104665 0.576044 0.004982 0.003814
28 0.209489 0.576005 0.003110 0.003803
28 0.221476 0.584303 0.003110 0.003803
28 0.233567 0.584303 0.003110 0.003803
28 0.245711 0.584303 0.003110 0.003803
30 0.269267 0.582207 0.002534 0.003683
92 0.281715 0.584294 0.002924 0.009207
91 0.294177 0.584294 0.002924 0.009207
30 0.354659 0.578061 0.004184 0.004094
30 0.374178 0.578056 0.004184 0.004094
30 0.393726 0.578051 0.004184 0.004094
5 0.321382 0.588475 0.008047 0.022518
92 0.335190 0.584311 0.004828 0.010235
36 0.416819 0.575983 0.003901 0.003842
28 0.497717 0.575973 0.003976 0.003671
28 0.517154 0.584294 0.003976 0.003671
28 0.536754 0.584294 0.003976 0.003671
28 0.556353 0.584294 0.003976 0.003671
30 0.580164 0.582207 0.004938 0.003701
30 0.653166 0.586385 0.004938 0.003701
30 0.665267 0.582207 0.004938 0.003701
67 0.661072 0.582207 0.003799 0.008142
92 0.604455 0.584294 0.005698 0.009252
92 0.628796 0.584294 0.005698 0.009252
76 0.654903 0.582994 0.003799 0.002591
76 0.666979 0.578831 0.003799 0.002591
28 0.689206 0.580150 0.002849 0.003721
28 0.731150 0.584297 0.002849 0.003721
28 0.738110 0.580127 0.002849 0.003721
5 0.679235 0.588459 0.005479 0.020465
67 0.735686 0.580128 0.002192 0.008186
92 0.703121 0.584298 0.003287 0.009302
92 0.717115 0.584298 0.003287 0.009302
76 0.732116 0.578836 0.002192 0.002605
76 0.739059 0.574680 0.002192 0.002605
30 0.747466 0.578083 0.002553 0.003767
30 0.753725 0.578077 0.002553 0.003767
30 0.760000 0.582222 0.002553 0.003767
30 0.766300 0.578064 0.002553 0.003767
28 0.772600 0.575983 0.002553 0.003767
28 0.778932 0.580132 0.002553 0.003767
30 0.785223 0.573891 0.002553 0.003767
30 0.791579 0.578039 0.002553 0.003767
28 0.800650 0.571839 0.002886 0.003664
28 0.807661 0.575973 0.002886 0.003664
30 0.814785 0.569779 0.002886 0.003664
30 0.821831 0.573904 0.002886 0.003664
28 0.828903 0.567723 0.002886 0.003664
28 0.835972 0.571839 0.002886 0.003664
30 0.843088 0.578046 0.002886 0.003664
28 0.850140 0.575973 0.002886 0.003664
67 0.847697 0.575973 0.002220 0.008061
30 0.860454 0.573904 0.003432 0.003678
92 0.877176 0.584294 0.003959 0.009194
91 0.894089 0.584294 0.003959 0.009194
76 0.861732 0.571083 0.002640 0.002574
32 0.104555 0.620189 0.004815 0.003540
28 0.180597 0.615998 0.004815 0.003540
32 0.209567 0.611861 0.003091 0.003401
30 0.245834 0.613934 0.003091 0.003401
28 0.251114 0.616012 0.003091 0.003401
30 0.256391 0.618095 0.003091 0.003401
28 0.261694 0.620182 0.003091 0.003401
30 0.269267 0.618095 0.002435 0.003402
92 0.281715 0.620182 0.002810 0.008505
91 0.294177 0.620182 0.002810 0.008505
30 0.354579 0.618112 0.003914 0.003610
30 0.374089 0.618108 0.003914 0.003610
30 0.393662 0.618104 0.003914 0.003610
5 0.321337 0.624342 0.007527 0.019855
92 0.335131 0.620190 0.004516 0.009025
28 0.416711 0.620199 0.004169 0.004120
30 0.426390 0.622287 0.004169 0.004120
28 0.436071 0.624375 0.004169 0.004120
30 0.445749 0.622287 0.004169 0.004120
28 0.455427 0.620199 0.004169 0.004120
30 0.465105 0.618111 0.004169 0.004120
28 0.474783 0.616023 0.004169 0.004120
30 0.484461 0.613935 0.004169 0.004120
28 0.497717 0.611861 0.003822 0.003392
30 0.507445 0.613934 0.003822 0.003392
28 0.517232 0.611861 0.003822 0.003392
30 0.526981 0.613934 0.003822 0.003392
28 0.536747 0.611861 0.003822 0.003392
28 0.546529 0.616012 0.003822 0.003392
30 0.556330 0.618095 0.003822 0.003392
28 0.566153 0.620182 0.003822 0.003392
30 0.580164 0.618095 0.004747 0.003419
30 0.653166 0.622273 0.004747 0.003419
30 0.665267 0.618095 0.004747 0.003419
67 0.661072 0.618095 0.003651 0.007522
92 0.604455 0.620182 0.005477 0.008548
92 0.628796 0.620182 0.005477 0.008548
76 0.654903 0.618883 0.003651 0.002394
76 0.666979 0.614719 0.003651 0.002394
28 0.689241 0.616028 0.002733 0.003409
28 0.731176 0.620183 0.002733 0.003409
28 0.738123 0.616013 0.002733 0.003409
5 0.679226 0.624354 0.005255 0.018752
67 0.735704 0.616014 0.002102 0.007501
92 0.703159 0.620184 0.003153 0.008524
92 0.717154 0.620183 0.003153 0.008524
76 0.732140 0.614722 0.002102 0.002387
76 0.739068 0.610571 0.002102 0.002387
30 0.747524 0.613934 0.002466 0.003380
28 0.753678 0.628575 0.002466 0.003380
28 0.760003 0.632799 0.002466 0.003380
28 0.766378 0.628575 0.002466 0.003380
30 0.772727 0.626470 0.002466 0.003380
30 0.779086 0.630685 0.002466 0.003380
28 0.785398 0.624369 0.002466 0.003380
28 0.791765 0.628575 0.002466 0.003380
65 0.777222 0.630685 0.001897 0.007435
30 0.800445 0.622273 0.002774 0.003385
30 0.807508 0.626470 0.002774 0.003385
28 0.814686 0.620182 0.002774 0.003385
28 0.821786 0.624369 0.002774 0.003385
30 0.828911 0.618095 0.002774 0.003385
30 0.836033 0.622273 0.002774 0.003385
28 0.843204 0.628575 0.002774 0.003385
30 0.850309 0.626470 0.002774 0.003385
67 0.847847 0.626470 0.002134 0.007447
28 0.860209 0.624369 0.003298 0.003398
28 0.877210 0.616012 0.003298 0.003398
30 0.894084 0.613934 0.003298 0.003398
30 0.910942 0.613934 0.003298 0.003398
77 0.861362 0.629887 0.002537 0.002378
76 0.878487 0.610573 0.002537 0.002378
76 0.895315 0.610573 0.002537 0.002378
76 0.912144 0.610573 0.002537 0.002378
34 0.105745 0.652225 0.008861 0.008247
30 0.182298 0.648286 0.008861 0.008247
34 0.208895 0.643830 0.004998 0.008885
28 0.246022 0.645986 0.004998 0.008885
30 0.251365 0.648132 0.004998 0.008885
28 0.256671 0.650269 0.004998 0.008885
30 0.261967 0.652396 0.004998 0.008885
28 0.268923 0.650269 0.003938 0.008894
92 0.281715 0.662892 0.004544 0.022235
91 0.294177 0.662892 0.004544 0.022235
28 0.355004 0.650210 0.006314 0.008808
28 0.374786 0.650247 0.006314 0.008808
28 0.394453 0.650284 0.006314 0.008808
8 0.321248 0.658678 0.012142 0.048442
92 0.335429 0.662890 0.007285 0.022019
30 0.416508 0.652266 0.006523 0.008391
28 0.426488 0.654428 0.006523 0.008391
30 0.436378 0.656571 0.006523 0.008391
28 0.446178 0.654473 0.006523 0.008391
30 0.455962 0.652379 0.006523 0.008391
28 0.465729 0.650288 0.006523 0.008391
30 0.475480 0.648201 0.006523 0.008391
28 0.485215 0.646117 0.006523 0.008391
30 0.497031 0.643666 0.007197 0.008470
28 0.507259 0.645889 0.007197 0.008470
30 0.517315 0.643798 0.007197 0.008470
28 0.527370 0.646005 0.007197 0.008470
30 0.537321 0.643928 0.007197 0.008470
30 0.547190 0.648239 0.007197 0.008470
28 0.556960 0.650394 0.007197 0.008470
30 0.566631 0.652527 0.007197 0.008470
28 0.579932 0.650106 0.009833 0.007777
30 0.653806 0.669011 0.009833 0.007777
30 0.665705 0.664914 0.009833 0.007777
67 0.661630 0.664917 0.007563 0.017109
92 0.605291 0.662875 0.011345 0.019443
92 0.629824 0.662874 0.011345 0.019443
28 0.689318 0.662891 0.004477 0.008798
28 0.731217 0.667024 0.004477 0.008798
28 0.738258 0.662891 0.004477 0.008798
8 0.679168 0.658700 0.008609 0.048391
67 0.735855 0.662891 0.003444 0.019356
92 0.703346 0.662891 0.005165 0.021996
92 0.717346 0.662891 0.005165 0.021996
77 0.732113 0.672390 0.003444 0.006159
77 0.739117 0.668299 0.003444 0.006159
30 0.747421 0.660797 0.004146 0.008699
30 0.753795 0.660800 0.004146 0.008699
30 0.760209 0.664968 0.004146 0.008699
30 0.766521 0.660805 0.004146 0.008699
28 0.772864 0.658717 0.004146 0.008699
28 0.779168 0.662890 0.004146 0.008699
30 0.785554 0.656633 0.004146 0.008699
30 0.791776 0.660815 0.004146 0.008699
65 0.777319 0.662890 0.003189 0.019138
28 0.800324 0.654442 0.004893 0.008449
28 0.807645 0.658688 0.004893 0.008449
30 0.814788 0.652356 0.004893 0.008449
30 0.822022 0.656604 0.004893 0.008449
28 0.829198 0.650279 0.004893 0.008449
28 0.836332 0.654530 0.004893 0.008449
30 0.843353 0.660813 0.004893 0.008449
28 0.850431 0.658740 0.004893 0.008449
67 0.847998 0.658737 0.003764 0.018589
30 0.860064 0.656622 0.005373 0.009092
92 0.877176 0.662892 0.006200 0.022730
91 0.894088 0.662892 0.006200 0.022730
36 0.105541 0.695206 0.005474 0.004102
28 0.209450 0.695206 0.003433 0.004102
28 0.221597 0.695206 0.003433 0.004102
28 0.233730 0.695206 0.003433 0.004102
28 0.245863 0.695206 0.003433 0.004102
30 0.269243 0.697257 0.002705 0.004102
92 0.281716 0.699308 0.003121 0.010254
91 0.294177 0.699308 0.003121 0.010254
30 0.354767 0.697257 0.004239 0.004102
30 0.374296 0.697257 0.004239 0.004102
30 0.393824 0.697257 0.004239 0.004102
5 0.321381 0.703409 0.008152 0.022558
92 0.335239 0.699308 0.004891 0.010254
36 0.416714 0.695206 0.004203 0.004102
28 0.497557 0.695206 0.004254 0.004102
28 0.517155 0.695206 0.004254 0.004102
28 0.536754 0.695206 0.004254 0.004102
28 0.556352 0.695206 0.004254 0.004102
30 0.580116 0.697257 0.005283 0.004102
92 0.604456 0.699308 0.006096 0.010254
91 0.628796 0.699308 0.006096 0.010254
5 0.679290 0.703409 0.005843 0.022558
30 0.860281 0.689054 0.003671 0.004101
28 0.877177 0.695206 0.003671 0.004101
30 0.894089 0.693156 0.003671 0.004101
30 0.911000 0.693156 0.003671 0.004101
28 0.221596 0.732017 0.003433 0.004204
28 0.233730 0.732017 0.003433 0.004204
28 0.245863 0.732017 0.003433 0.004204
92 0.209448 0.736221 0.003961 0.010511
30 0.269241 0.734119 0.002705 0.004204
92 0.281715 0.736221 0.003121 0.010511
91 0.294177 0.736221 0.003121 0.010511
5 0.321381 0.740426 0.008152 0.023125
28 0.517154 0.732017 0.004255 0.004204
28 0.536754 0.732017 0.004255 0.004204
28 0.556354 0.732017 0.004255 0.004204
92 0.497554 0.736221 0.004909 0.010511
30 0.580113 0.734119 0.005284 0.004204
92 0.604455 0.736221 0.006097 0.010511
91 0.628796 0.736221 0.006097 0.010511
5 0.679290 0.740426 0.005844 0.023124
30 0.221767 0.773659 0.009244 0.022270
30 0.233920 0.773653 0.009244 0.022270
30 0.246013 0.773648 0.009244 0.022270
92 0.209482 0.771580 0.010666 0.055675
30 0.269294 0.773654 0.006377 0.023268
92 0.281715 0.771582 0.007358 0.058169
91 0.294177 0.771582 0.007358 0.058169
8 0.321188 0.767395 0.019937 0.130541
30 0.517513 0.773659 0.012322 0.022934
30 0.537147 0.773649 0.012322 0.022934
30 0.556602 0.773639 0.012322 0.022934
92 0.497617 0.771579 0.014218 0.057336
30 0.580332 0.773680 0.018459 0.021612
92 0.605166 0.771574 0.021298 0.054031
91 0.629671 0.771574 0.021298 0.054031
8 0.679154 0.767402 0.014035 0.128130
34 0.126518 0.818347 0.006409 0.008523
32 0.126320 0.807913 0.006409 0.008523
34 0.166555 0.818312 0.006409 0.008523
32 0.166563 0.807913 0.006409 0.008523
34 0.209596 0.818304 0.004943 0.008673
32 0.209448 0.807913 0.004943 0.008673
34 0.233747 0.818304 0.004943 0.008673
32 0.233730 0.807913 0.004943 0.008673
30 0.269216 0.805822 0.003895 0.008675
28 0.275472 0.807913 0.003895 0.008675
30 0.281703 0.805822 0.003895 0.008675
28 0.287934 0.803726 0.003895 0.008675
30 0.294180 0.801625 0.003895 0.008675
28 0.300423 0.803726 0.003895 0.008675
30 0.306682 0.801625 0.003895 0.008675
28 0.312955 0.799520 0.003895 0.008675
76 0.282598 0.802419 0.002996 0.006073
76 0.288837 0.798208 0.002996 0.006073
76 0.307624 0.798208 0.002996 0.006073
76 0.313903 0.796636 0.002996 0.006073
30 0.335114 0.797392 0.006170 0.008752
28 0.344972 0.799508 0.006170 0.008752
30 0.354776 0.797399 0.006170 0.008752
28 0.364600 0.799514 0.006170 0.008752
30 0.374412 0.797406 0.006170 0.008752
30 0.384182 0.801625 0.006170 0.008752
28 0.393933 0.803727 0.006170 0.008752
30 0.403657 0.805823 0.006170 0.008752
5 0.321486 0.812092 0.011866 0.048134
67 0.341583 0.799507 0.004746 0.019253
76 0.356201 0.794506 0.004746 0.006126
76 0.366036 0.796628 0.004746 0.006126
76 0.395445 0.798211 0.004746 0.006126
76 0.405152 0.802423 0.004746 0.006126
34 0.416926 0.818339 0.006219 0.008685
32 0.416733 0.807913 0.006219 0.008685
34 0.455553 0.818309 0.006219 0.008685
32 0.455560 0.807913 0.006219 0.008685
34 0.497757 0.818304 0.006171 0.008817
32 0.497555 0.807913 0.006171 0.008817
34 0.536746 0.818303 0.006171 0.008817
32 0.536754 0.807913 0.006171 0.008817
30 0.580063 0.805822 0.007664 0.008889
30 0.592247 0.805822 0.007664 0.008889
28 0.604504 0.812083 0.007664 0.008889
28 0.616626 0.807913 0.007664 0.008889
30 0.628798 0.805822 0.007664 0.008889
30 0.640982 0.805822 0.007664 0.008889
30 0.653110 0.810000 0.007664 0.008889
30 0.665350 0.805822 0.007664 0.008889
67 0.661145 0.805822 0.005895 0.019556
77 0.581928 0.809213 0.005895 0.006222
77 0.594090 0.809213 0.005895 0.006222
77 0.606342 0.817522 0.005895 0.006222
77 0.618434 0.813376 0.005895 0.006222
76 0.630590 0.802419 0.005895 0.006222
76 0.642796 0.802419 0.005895 0.006222
76 0.654940 0.806613 0.005895 0.006222
76 0.667206 0.802419 0.005895 0.006222
28 0.689218 0.803722 0.004394 0.008681
28 0.696225 0.803723 0.004394 0.008681
30 0.703270 0.810002 0.004394 0.008681
30 0.710260 0.805821 0.004394 0.008681
28 0.717272 0.803725 0.004394 0.008681
28 0.724282 0.803726 0.004394 0.008681
28 0.731248 0.807913 0.004394 0.008681
28 0.738283 0.803727 0.004394 0.008681
5 0.679362 0.812088 0.008451 0.047747
67 0.707842 0.805821 0.003380 0.019099
67 0.735865 0.803727 0.003380 0.019099
76 0.690186 0.798199 0.003380 0.006077
76 0.697213 0.798201 0.003380 0.006077
76 0.704282 0.806612 0.003380 0.006077
76 0.711286 0.802417 0.003380 0.006077
76 0.718318 0.798206 0.003380 0.006077
76 0.725348 0.798208 0.003380 0.006077
76 0.732331 0.802420 0.003380 0.006077
76 0.739387 0.798211 0.003380 0.006077
30 0.747375 0.801617 0.003996 0.008655
30 0.753719 0.801619 0.003996 0.008655
30 0.760095 0.805820 0.003996 0.008655
30 0.766418 0.801622 0.003996 0.008655
28 0.772762 0.799519 0.003996 0.008655
28 0.779093 0.803726 0.003996 0.008655
30 0.785466 0.797416 0.003996 0.008655
30 0.791757 0.801630 0.003996 0.008655
65 0.777237 0.803726 0.003074 0.019041
76 0.748266 0.798195 0.003074 0.006059
76 0.754620 0.798198 0.003074 0.006059
76 0.761005 0.802415 0.003074 0.006059
76 0.767340 0.798205 0.003074 0.006059
76 0.773696 0.796635 0.003074 0.006059
76 0.780044 0.798211 0.003074 0.006059
76 0.786417 0.794528 0.003074 0.006059
76 0.792720 0.798217 0.003074 0.006059
28 0.800296 0.795296 0.004458 0.008715
28 0.807486 0.799520 0.004458 0.008715
30 0.814586 0.793178 0.004458 0.008715
30 0.821766 0.797411 0.004458 0.008715
28 0.828921 0.791054 0.004458 0.008715
28 0.836078 0.795296 0.004458 0.008715
30 0.843187 0.801625 0.004458 0.008715
28 0.850334 0.799520 0.004458 0.008715
67 0.847869 0.799520 0.003429 0.019173
30 0.860103 0.797411 0.005300 0.008748
92 0.877176 0.807913 0.006115 0.021870
91 0.894089 0.807913 0.006115 0.021870
30 0.104116 0.866089 0.018446 0.029720
30 0.117038 0.866050 0.018446 0.029720
30 0.116933 0.861949 0.018446 0.029720
30 0.129915 0.866011 0.018446 0.029720
30 0.129860 0.861921 0.018446 0.029720
30 0.142700 0.865972 0.018446 0.029720
30 0.142694 0.861893 0.018446 0.029720
34 0.155416 0.865934 0.018446 0.029720
34 0.155460 0.861866 0.018446 0.029720
34 0.209878 0.865958 0.012071 0.035466
34 0.209765 0.861887 0.012071 0.035466
34 0.233940 0.865896 0.012071 0.035466
34 0.233927 0.861842 0.012071 0.035466
28 0.269561 0.863920 0.009585 0.035411
30 0.275798 0.865934 0.009585 0.035411
28 0.281960 0.863892 0.009585 0.035411
30 0.288121 0.861846 0.009585 0.035411
28 0.294294 0.859796 0.009585 0.035411
30 0.300450 0.861822 0.009585 0.035411
28 0.306620 0.859777 0.009585 0.035411
30 0.312802 0.857728 0.009585 0.035411
77 0.282895 0.866656 0.007373 0.024788
77 0.289039 0.864619 0.007373 0.024788
77 0.307482 0.862552 0.007373 0.024788
77 0.313636 0.861031 0.007373 0.024788
28 0.335466 0.855705 0.013061 0.037369
30 0.345272 0.857760 0.013061 0.037369
28 0.354957 0.855700 0.013061 0.037369
30 0.364699 0.857753 0.013061 0.037369
28 0.374404 0.855695 0.013061 0.037369
28 0.384054 0.859790 0.013061 0.037369
30 0.393660 0.861819 0.013061 0.037369
28 0.403215 0.863838 0.013061 0.037369
5 0.321607 0.855708 0.025117 0.205528
67 0.341915 0.857761 0.010047 0.082211
77 0.356464 0.861073 0.010047 0.026158
77 0.366137 0.861067 0.010047 0.026158
77 0.395001 0.864585 0.010047 0.026158
77 0.404523 0.866590 0.010047 0.026158
30 0.417340 0.865956 0.014250 0.037243
30 0.426964 0.865936 0.014250 0.037243
30 0.426838 0.861872 0.014250 0.037243
30 0.436563 0.865917 0.014250 0.037243
30 0.436477 0.861858 0.014250 0.037243
30 0.446137 0.865898 0.014250 0.037243
30 0.446091 0.861844 0.014250 0.037243
34 0.455685 0.865879 0.014250 0.037243
34 0.455679 0.861830 0.014250 0.037243
34 0.498187 0.865994 0.016162 0.036360
34 0.498024 0.861911 0.016162 0.036360
34 0.537123 0.865878 0.016162 0.036360
34 0.537116 0.861828 0.016162 0.036360
28 0.580755 0.864055 0.025641 0.035143
28 0.593105 0.864007 0.025641 0.035143
30 0.605482 0.870063 0.025641 0.035143
30 0.617542 0.865946 0.025641 0.035143
28 0.629593 0.863865 0.025641 0.035143
28 0.641572 0.863818 0.025641 0.035143
28 0.653375 0.867787 0.025641 0.035143
28 0.665263 0.863725 0.025641 0.035143
67 0.660632 0.863743 0.019724 0.077315
77 0.582683 0.866856 0.019724 0.024600
77 0.594988 0.866797 0.019724 0.024600
77 0.607311 0.872810 0.019724 0.024600
77 0.619335 0.868704 0.019724 0.024600
77 0.631347 0.866624 0.019724 0.024600
77 0.643285 0.866567 0.019724 0.024600
77 0.655041 0.870505 0.019724 0.024600
77 0.666894 0.866454 0.019724 0.024600
30 0.689530 0.861845 0.009238 0.037068
30 0.696453 0.861842 0.009238 0.037068
28 0.703441 0.867899 0.009238 0.037068
28 0.710313 0.863863 0.009238 0.037068
30 0.717230 0.861832 0.009238 0.037068
30 0.724147 0.861828 0.009238 0.037068
30 0.730980 0.865869 0.009238 0.037068
30 0.737955 0.861822 0.009238 0.037068
5 0.679441 0.855704 0.017765 0.203876
67 0.707596 0.863865 0.007106 0.081550
67 0.735572 0.861823 0.007106 0.081550
77 0.690612 0.864617 0.007106 0.025948
77 0.697513 0.864612 0.007106 0.025948
77 0.704473 0.870633 0.007106 0.025948
77 0.711329 0.866620 0.007106 0.025948
77 0.718227 0.864600 0.007106 0.025948
77 0.725123 0.864596 0.007106 0.025948
77 0.731931 0.868611 0.007106 0.025948
77 0.738890 0.864587 0.007106 0.025948
28 0.747671 0.859815 0.008689 0.036956
28 0.753951 0.859811 0.008689 0.036956
28 0.760287 0.863875 0.008689 0.036956
28 0.766514 0.859801 0.008689 0.036956
30 0.772786 0.857750 0.008689 0.036956
30 0.779032 0.861826 0.008689 0.036956
28 0.785359 0.855691 0.008689 0.036956
28 0.791539 0.859781 0.008689 0.036956
65 0.777201 0.861828 0.006684 0.081304
77 0.748662 0.862602 0.006684 0.025869
77 0.754924 0.862596 0.006684 0.025869
77 0.761236 0.866635 0.006684 0.025869
77 0.767447 0.862583 0.006684 0.025869
77 0.773701 0.861063 0.006684 0.025869
77 0.779925 0.864593 0.006684 0.025869
77 0.786200 0.861052 0.006684 0.025869
77 0.792395 0.862557 0.006684 0.025869
30 0.800557 0.853642 0.010663 0.036534
30 0.807780 0.857771 0.010663 0.036534
28 0.814800 0.851560 0.010663 0.036534
28 0.821961 0.855700 0.010663 0.036534
30 0.829053 0.849480 0.010663 0.036534
30 0.836136 0.853629 0.010663 0.036534
28 0.843114 0.859777 0.010663 0.036534
30 0.850158 0.857729 0.010663 0.036534
67 0.847735 0.857731 0.008202 0.080374
28 0.860459 0.855727 0.014720 0.035579
92 0.877419 0.851558 0.016985 0.088947
91 0.894387 0.851558 0.016985 0.088947
28 0.126489 0.895730 0.006836 0.009723
30 0.130324 0.893647 0.006836 0.009723
28 0.136521 0.895723 0.006836 0.009723
30 0.140361 0.893642 0.006836 0.009723
28 0.146557 0.895717 0.006836 0.009723
30 0.150402 0.893638 0.006836 0.009723
28 0.156560 0.895711 0.006836 0.009723
30 0.160409 0.893633 0.006836 0.009723
28 0.166548 0.895705 0.006836 0.009723
30 0.170402 0.893628 0.006836 0.009723
28 0.176521 0.895699 0.006836 0.009723
30 0.180380 0.893624 0.006836 0.009723
28 0.186480 0.895693 0.006836 0.009723
30 0.190343 0.893619 0.006836 0.009723
28 0.196424 0.895687 0.006836 0.009723
30 0.200292 0.893615 0.006836 0.009723
32 0.209567 0.895701 0.005270 0.009859
34 0.212579 0.893628 0.005270 0.009859
32 0.233744 0.895701 0.005270 0.009859
34 0.236782 0.893628 0.005270 0.009859
30 0.269370 0.897770 0.004153 0.009862
30 0.269319 0.893628 0.004153 0.009862
30 0.275530 0.893628 0.004153 0.009862
28 0.275434 0.883193 0.004153 0.009862
30 0.281752 0.893628 0.004153 0.009862
28 0.281690 0.883193 0.004153 0.009862
30 0.287963 0.893628 0.004153 0.009862
28 0.287934 0.883193 0.004153 0.009862
30 0.294174 0.893628 0.004153 0.009862
28 0.294179 0.883193 0.004153 0.009862
30 0.300384 0.893628 0.004153 0.009862
28 0.300423 0.883193 0.004153 0.009862
30 0.306595 0.893628 0.004153 0.009862
28 0.306668 0.883193 0.004153 0.009862
30 0.312806 0.893628 0.004153 0.009862
28 0.312912 0.883193 0.004153 0.009862
34 0.335381 0.893637 0.006585 0.009973
32 0.335208 0.883186 0.006585 0.009973
34 0.374340 0.893630 0.006585 0.009973
32 0.374376 0.883191 0.006585 0.009973
6 0.321387 0.887380 0.012664 0.049865
34 0.416850 0.893645 0.006636 0.009911
34 0.416610 0.881074 0.006636 0.009911
34 0.455543 0.893629 0.006636 0.009911
34 0.455547 0.881091 0.006636 0.009911
34 0.497676 0.893628 0.006588 0.010048
34 0.497432 0.881092 0.006588 0.010048
34 0.536749 0.893628 0.006588 0.010048
34 0.536758 0.881092 0.006588 0.010048
30 0.580265 0.893628 0.008182 0.010130
28 0.580012 0.883193 0.008182 0.010130
28 0.653081 0.891550 0.008182 0.010130
28 0.665308 0.887380 0.008182 0.010130
67 0.661108 0.887380 0.006294 0.022286
92 0.604455 0.887380 0.009441 0.025325
92 0.628796 0.887380 0.009441 0.025325
77 0.654783 0.896989 0.006294 0.007091
77 0.666979 0.892843 0.006294 0.007091
30 0.689240 0.885287 0.004686 0.009874
30 0.731225 0.889467 0.004686 0.009874
30 0.738253 0.885289 0.004686 0.009874
6 0.679292 0.887380 0.009012 0.049371
67 0.735837 0.885289 0.003605 0.021723
92 0.703258 0.887380 0.005407 0.024685
92 0.717256 0.887380 0.005407 0.024685
76 0.732284 0.886080 0.003605 0.006912
76 0.739326 0.881888 0.003605 0.006912
28 0.747400 0.883188 0.004261 0.009849
28 0.753735 0.883189 0.004261 0.009849
28 0.760104 0.887380 0.004261 0.009849
28 0.766419 0.883191 0.004261 0.009849
30 0.772757 0.881091 0.004261 0.009849
30 0.779081 0.885289 0.004261 0.009849
28 0.785448 0.878991 0.004261 0.009849
28 0.791733 0.883196 0.004261 0.009849
76 0.748264 0.877664 0.003278 0.006894
76 0.754617 0.877667 0.003278 0.006894
76 0.761001 0.881883 0.003278 0.006894
76 0.767336 0.877672 0.003278 0.006894
76 0.773690 0.877675 0.003278 0.006894
76 0.780023 0.881887 0.003278 0.006894
76 0.786399 0.876109 0.003278 0.006894
76 0.792719 0.877683 0.003278 0.006894
30 0.800326 0.876877 0.004754 0.009911
30 0.807508 0.881092 0.004754 0.009911
28 0.814601 0.874763 0.004754 0.009911
28 0.821773 0.878987 0.004754 0.009911
30 0.828920 0.872644 0.004754 0.009911
30 0.836069 0.876877 0.004754 0.009911
28 0.843170 0.883193 0.004754 0.009911
30 0.850309 0.881092 0.004754 0.009911
67 0.847847 0.881092 0.003657 0.021803
30 0.860384 0.893628 0.005652 0.009948
28 0.868615 0.878987 0.005652 0.009948
28 0.877108 0.878987 0.005652 0.009948
28 0.885601 0.878987 0.005652 0.009948
30 0.894093 0.881092 0.005652 0.009948
28 0.902566 0.883193 0.005652 0.009948
30 0.911021 0.885289 0.005652 0.009948
28 0.919442 0.887380 0.005652 0.009948
76 0.869826 0.876103 0.004348 0.006963
76 0.878332 0.876103 0.004348 0.006963
76 0.886837 0.876103 0.004348 0.006963
76 0.912296 0.881886 0.004348 0.006963
76 0.920760 0.881886 0.004348 0.006963
34 0.126408 0.927985 0.021234 0.065159
34 0.166659 0.927973 0.021234 0.065159
34 0.209534 0.927982 0.017496 0.064830
34 0.233882 0.927973 0.017496 0.064830
34 0.269312 0.927980 0.013926 0.064736
34 0.294286 0.927972 0.013926 0.064736
34 0.335380 0.927976 0.017656 0.067143
34 0.374394 0.927972 0.017656 0.067143
8 0.321175 0.921721 0.033954 0.369288
34 0.416832 0.927981 0.020091 0.067681
34 0.455639 0.927971 0.020091 0.067681
34 0.497690 0.927985 0.023571 0.065891
34 0.537065 0.927969 0.023571 0.065891
30 0.580320 0.927997 0.041095 0.066611
30 0.653542 0.932039 0.041095 0.066611
30 0.665556 0.927943 0.041095 0.066611
67 0.661451 0.927946 0.031611 0.146544
92 0.605062 0.925897 0.047417 0.166527
92 0.629544 0.925896 0.047417 0.166527
77 0.655208 0.935328 0.031611 0.046628
77 0.667180 0.931247 0.031611 0.046628
28 0.689277 0.925901 0.012982 0.071992
28 0.731177 0.930033 0.012982 0.071992
28 0.738230 0.925901 0.012982 0.071992
8 0.679150 0.921725 0.024965 0.395956
67 0.735820 0.925901 0.009986 0.158382
92 0.703278 0.925901 0.014979 0.179980
92 0.717276 0.925901 0.014979 0.179980
77 0.732087 0.935397 0.009986 0.050394
77 0.739103 0.931310 0.009986 0.050394
30 0.747403 0.923816 0.012480 0.071984
30 0.753749 0.923817 0.012480 0.071984
30 0.760153 0.927975 0.012480 0.071984
30 0.766444 0.923819 0.012480 0.071984
28 0.772783 0.921730 0.012480 0.071984
28 0.779098 0.925901 0.012480 0.071984
30 0.785494 0.919638 0.012480 0.071984
30 0.791744 0.923823 0.012480 0.071984
65 0.777247 0.925901 0.009600 0.158365
76 0.748251 0.920415 0.009600 0.050389
76 0.754618 0.920417 0.009600 0.050389
76 0.761040 0.924606 0.009600 0.050389
76 0.767356 0.920423 0.009600 0.050389
76 0.773721 0.916208 0.009600 0.050389
76 0.780067 0.920429 0.009600 0.050389
76 0.786475 0.916218 0.009600 0.050389
76 0.792741 0.920434 0.009600 0.050389
28 0.800255 0.917492 0.015916 0.071284
28 0.807553 0.921718 0.015916 0.071284
30 0.814639 0.915388 0.015916 0.071284
30 0.821875 0.919626 0.015916 0.071284
28 0.829041 0.913284 0.015916 0.071284
28 0.836202 0.917534 0.015916 0.071284
30 0.843257 0.923824 0.015916 0.071284
28 0.850379 0.921743 0.015916 0.071284
67 0.847929 0.921741 0.012243 0.156825
28 0.860593 0.934194 0.023125 0.069645
30 0.868713 0.919601 0.023125 0.069645
30 0.877293 0.919612 0.023125 0.069645
30 0.885841 0.919624 0.023125 0.069645
28 0.894358 0.921731 0.023125 0.069645
30 0.902809 0.923823 0.023125 0.069645
28 0.911195 0.925898 0.023125 0.069645
30 0.919502 0.927958 0.023125 0.069645
77 0.870051 0.923017 0.017788 0.048751
77 0.878598 0.923022 0.017788 0.048751
77 0.887114 0.923027 0.017788 0.048751
76 0.912523 0.920449 0.017788 0.048751
76 0.920812 0.924612 0.017788 0.048751
