26 0.302490 0.720405 0.032715 0.091900
24 0.399170 0.676791 0.035645 0.095016
24 0.398926 0.584891 0.036133 0.101246
24 0.331299 0.338006 0.031738 0.077882
93 0.241943 0.889408 0.034668 0.158879
93 0.205811 0.885514 0.044434 0.157321
93 0.251465 0.053738 0.051758 0.107477
93 0.209961 0.056854 0.049805 0.113707
120 0.477539 0.766355 0.104492 0.109034
120 0.339355 0.825545 0.091797 0.071651
28 0.561035 0.584112 0.031250 0.084112
28 0.559082 0.666667 0.031250 0.084112
63 0.251221 0.628505 0.041504 0.266355
59 0.357910 0.630841 0.028320 0.218069
86 0.103516 0.489875 0.030273 0.244548
