26 0.084229 0.378685 0.089355 0.080121
26 0.085205 0.462207 0.080566 0.103553
24 0.087891 0.569161 0.096680 0.130008
30 0.329590 0.385110 0.083984 0.105064
30 0.329834 0.465986 0.078613 0.106576
28 0.330566 0.571807 0.096680 0.118670
26 0.770020 0.386621 0.084961 0.105064
26 0.777588 0.467498 0.094238 0.109599
24 0.776611 0.564248 0.098145 0.126228
120 0.860596 0.223734 0.246582 0.193500
120 0.889648 0.674603 0.208008 0.086924
120 0.897705 0.356387 0.172363 0.145881
124 0.835449 0.838246 0.299805 0.130008
