24 0.150146 0.641026 0.080566 0.116550
73 0.152100 0.739316 0.036621 0.053613
86 0.285889 0.477467 0.081543 0.277389
86 0.430176 0.476690 0.086914 0.264957
26 0.631104 0.534188 0.079590 0.100233
26 0.732910 0.530692 0.082031 0.116550
26 0.893311 0.527584 0.090332 0.119658
73 0.626709 0.605672 0.050293 0.056721
73 0.731689 0.606061 0.054199 0.052836
73 0.889160 0.609557 0.041992 0.056721
148 0.737549 0.220668 0.139160 0.136752
189 0.740723 0.945610 0.095703 0.105672
73 0.892334 0.024864 0.046387 0.049728
