30 0.181081 0.069887 0.005184 0.004181
30 0.216480 0.072444 0.002956 0.002299
30 0.236444 0.074576 0.008341 0.005665
92 0.152376 0.080441 0.005982 0.010452
30 0.337566 0.071896 0.003187 0.002480
28 0.377771 0.056134 0.003369 0.002338
30 0.426017 0.057181 0.010484 0.004228
5 0.292840 0.084670 0.020161 0.023254
92 0.395552 0.080441 0.012097 0.010570
30 0.328920 0.078159 0.005554 0.005668
28 0.377605 0.060666 0.003187 0.002551
30 0.425165 0.061458 0.009869 0.003971
5 0.292643 0.084588 0.018979 0.021840
92 0.394482 0.080436 0.011387 0.009927
28 0.470796 0.062641 0.009309 0.006113
28 0.500677 0.059321 0.011610 0.004149
30 0.570696 0.057151 0.011610 0.004149
92 0.535642 0.080440 0.013397 0.010374
28 0.510292 0.067219 0.003130 0.002433
30 0.570476 0.061363 0.011012 0.004022
92 0.535359 0.080440 0.012706 0.010056
32 0.619134 0.059256 0.008811 0.003950
28 0.679041 0.059300 0.010722 0.004150
28 0.721240 0.059273 0.010722 0.004150
76 0.682796 0.056409 0.008247 0.002905
76 0.725003 0.056378 0.008247 0.002905
32 0.617048 0.064453 0.005252 0.003621
28 0.678780 0.063545 0.010166 0.004027
28 0.721022 0.063492 0.010166 0.004027
76 0.682532 0.060655 0.007820 0.002819
76 0.724795 0.060593 0.007820 0.002819
34 0.768978 0.057222 0.006412 0.004156
34 0.836646 0.065630 0.006412 0.004156
27 0.902464 0.080443 0.007892 0.009143
34 0.768956 0.065751 0.006085 0.004025
32 0.836354 0.071993 0.006085 0.004025
27 0.902384 0.080438 0.007489 0.008855
30 0.133767 0.113424 0.003273 0.002545
30 0.167518 0.113170 0.004529 0.003518
28 0.179870 0.115171 0.004529 0.003518
30 0.188840 0.113065 0.004529 0.003518
28 0.197821 0.115100 0.004529 0.003518
30 0.206931 0.112976 0.004529 0.003518
30 0.225306 0.112885 0.004529 0.003518
30 0.244024 0.112793 0.004529 0.003518
30 0.268449 0.115179 0.008446 0.005912
67 0.175331 0.115189 0.003483 0.007740
76 0.208937 0.110115 0.003483 0.002463
76 0.227329 0.109999 0.003483 0.002463
76 0.246063 0.109882 0.003483 0.002463
76 0.265098 0.109763 0.003483 0.002463
30 0.332025 0.117435 0.008358 0.003148
30 0.354118 0.114751 0.003369 0.002692
28 0.423530 0.115059 0.008358 0.003148
5 0.292163 0.127407 0.016073 0.017316
92 0.392213 0.123433 0.009644 0.007871
30 0.330732 0.122443 0.006283 0.004747
30 0.353853 0.118955 0.003096 0.002480
28 0.423760 0.119224 0.007952 0.002809
5 0.292094 0.127413 0.015292 0.015449
92 0.392370 0.123425 0.009175 0.007022
30 0.470907 0.121097 0.008346 0.005989
30 0.499534 0.120053 0.006179 0.004491
28 0.569315 0.114935 0.008446 0.003394
92 0.533837 0.123450 0.009745 0.008484
28 0.568979 0.119171 0.007758 0.003144
92 0.533363 0.123446 0.008951 0.007860
34 0.621079 0.116543 0.003728 0.002897
30 0.677310 0.117158 0.007714 0.003412
30 0.719815 0.117070 0.007714 0.003412
76 0.681054 0.113748 0.005934 0.002388
76 0.723638 0.113614 0.005934 0.002388
34 0.617071 0.122873 0.003728 0.002502
30 0.676823 0.121352 0.007055 0.003181
30 0.719432 0.121314 0.007055 0.003181
76 0.680570 0.117945 0.005427 0.002227
76 0.723274 0.117850 0.005427 0.002227
32 0.768850 0.115282 0.004658 0.003386
32 0.834768 0.123450 0.004658 0.003386
27 0.901935 0.123442 0.005732 0.007450
32 0.781365 0.122142 0.004093 0.004866
34 0.834314 0.129748 0.004312 0.003145
27 0.901809 0.123439 0.005308 0.006918
28 0.133754 0.170630 0.003695 0.003037
28 0.166368 0.171177 0.003735 0.002702
30 0.178411 0.173316 0.003735 0.002702
28 0.187474 0.171241 0.003735 0.002702
30 0.196290 0.173396 0.003735 0.002702
28 0.205538 0.171295 0.003735 0.002702
28 0.224034 0.171351 0.003735 0.002702
28 0.240432 0.171321 0.004857 0.002872
28 0.262491 0.171467 0.003735 0.002702
67 0.173914 0.173295 0.002873 0.005945
77 0.207166 0.176944 0.002873 0.001892
77 0.225817 0.177072 0.002873 0.001892
77 0.244975 0.177203 0.002873 0.001892
77 0.264607 0.177338 0.002873 0.001892
28 0.316605 0.171277 0.009014 0.005881
30 0.354000 0.162665 0.003369 0.002551
30 0.422711 0.169087 0.006561 0.001981
5 0.291653 0.170796 0.012618 0.010894
92 0.390337 0.167036 0.007571 0.004952
28 0.341194 0.179654 0.004006 0.003826
28 0.354160 0.171041 0.002914 0.002551
30 0.431119 0.174625 0.008104 0.005173
5 0.291621 0.170823 0.011709 0.009109
92 0.390843 0.167028 0.007025 0.004141
28 0.471815 0.175813 0.008667 0.006865
28 0.497043 0.175084 0.005842 0.002438
30 0.566521 0.171207 0.003049 0.002309
92 0.531385 0.167069 0.006741 0.006094
28 0.508867 0.181719 0.008025 0.007614
92 0.530847 0.167061 0.006193 0.005337
32 0.617205 0.176973 0.005591 0.004214
30 0.674781 0.165038 0.005168 0.002480
30 0.717709 0.164964 0.005168 0.002480
76 0.678518 0.161725 0.003976 0.001736
76 0.721615 0.161547 0.003976 0.001736
32 0.620344 0.179690 0.003728 0.002832
28 0.674020 0.175245 0.004712 0.002200
28 0.717313 0.175532 0.004712 0.002200
77 0.677720 0.178092 0.003625 0.001540
77 0.721370 0.178484 0.003625 0.001540
32 0.780635 0.165802 0.004735 0.004556
32 0.832239 0.167068 0.003215 0.002409
27 0.901182 0.167051 0.003957 0.005300
32 0.767716 0.176734 0.002988 0.002120
34 0.831710 0.173192 0.002988 0.002120
27 0.901045 0.167044 0.003678 0.004664
28 0.178004 0.197859 0.004691 0.003398
28 0.212193 0.200359 0.009523 0.005728
28 0.238060 0.205666 0.009297 0.006609
92 0.148093 0.218496 0.005413 0.008494
30 0.148163 0.216431 0.004602 0.003257
30 0.160747 0.216427 0.004602 0.003257
30 0.177581 0.216421 0.004602 0.003257
30 0.197939 0.216415 0.004602 0.003257
30 0.214996 0.216409 0.004602 0.003257
30 0.232122 0.216403 0.004602 0.003257
30 0.249364 0.216397 0.004602 0.003257
30 0.266676 0.216392 0.004602 0.003257
34 0.294354 0.202642 0.004720 0.003666
30 0.311528 0.196872 0.003422 0.002933
28 0.338384 0.205598 0.004543 0.002703
30 0.341826 0.199219 0.008083 0.007102
67 0.332455 0.206014 0.001671 0.007225
28 0.290503 0.222658 0.002137 0.003157
30 0.294370 0.206995 0.004720 0.003253
30 0.316244 0.205801 0.010620 0.006186
28 0.371316 0.205289 0.003773 0.002245
28 0.401917 0.206068 0.005389 0.003020
30 0.438784 0.199863 0.005389 0.003020
8 0.358156 0.214347 0.010363 0.016611
65 0.378539 0.206089 0.004145 0.006644
92 0.420443 0.218491 0.006218 0.007550
30 0.401891 0.220577 0.005265 0.002877
28 0.439205 0.213415 0.006486 0.004124
8 0.358161 0.214343 0.010124 0.015821
65 0.378561 0.206082 0.004050 0.006329
92 0.420466 0.218491 0.006075 0.007192
32 0.464491 0.197882 0.003797 0.003039
30 0.485822 0.209904 0.008549 0.005728
30 0.513179 0.213888 0.008726 0.005957
30 0.516000 0.209828 0.002653 0.002062
34 0.471616 0.210584 0.008549 0.005728
28 0.485789 0.224565 0.008608 0.006094
67 0.512181 0.212236 0.002856 0.006362
28 0.529689 0.206112 0.005450 0.003153
28 0.540289 0.210099 0.002890 0.002291
28 0.585441 0.211893 0.008848 0.006232
92 0.568226 0.218495 0.006289 0.007882
28 0.535314 0.210442 0.004011 0.003024
30 0.538492 0.227623 0.004660 0.003253
30 0.585152 0.226574 0.008258 0.006232
92 0.568527 0.218490 0.006386 0.007177
34 0.617874 0.211031 0.003113 0.002422
30 0.680105 0.212242 0.009351 0.003083
30 0.721877 0.212242 0.009351 0.003083
76 0.683830 0.208881 0.007193 0.002158
76 0.725529 0.208881 0.007193 0.002158
32 0.617779 0.226011 0.003029 0.002618
28 0.680059 0.226883 0.009130 0.002939
28 0.722148 0.226883 0.009130 0.002939
77 0.683804 0.229767 0.007023 0.002057
77 0.725956 0.229767 0.007023 0.002057
34 0.768249 0.215715 0.002713 0.002199
34 0.805381 0.215686 0.006310 0.004674
27 0.846966 0.218490 0.004121 0.006629
32 0.767188 0.226883 0.003269 0.002872
32 0.807813 0.226883 0.003269 0.002872
27 0.846966 0.218490 0.004023 0.006318
28 0.878701 0.206061 0.002953 0.003188
8 0.855325 0.214336 0.005679 0.017532
27 0.865096 0.218491 0.003634 0.007013
92 0.889673 0.218491 0.003407 0.007969
91 0.900731 0.218491 0.003407 0.007969
30 0.878625 0.220578 0.002899 0.003069
8 0.855327 0.214334 0.005574 0.016882
27 0.865101 0.218491 0.003568 0.006753
92 0.889682 0.218491 0.003345 0.007674
91 0.900740 0.218491 0.003345 0.007674
30 0.138849 0.247452 0.004029 0.002427
30 0.169379 0.247341 0.004029 0.002427
30 0.208717 0.251258 0.004029 0.002427
30 0.245642 0.255315 0.004029 0.002427
28 0.125695 0.262536 0.006009 0.004230
28 0.168855 0.261480 0.003945 0.002286
28 0.208652 0.265696 0.003945 0.002286
28 0.252632 0.270611 0.006349 0.002908
32 0.290427 0.261516 0.001787 0.002304
28 0.327705 0.260529 0.006313 0.004491
28 0.338387 0.261671 0.003068 0.002429
34 0.289982 0.276223 0.001738 0.002158
30 0.318996 0.276357 0.001738 0.002158
30 0.334199 0.275651 0.005487 0.003070
30 0.379430 0.256448 0.003773 0.003482
30 0.401825 0.247171 0.004295 0.001917
28 0.438730 0.249161 0.004295 0.001917
5 0.357829 0.261514 0.008259 0.010542
92 0.420331 0.257387 0.004956 0.004792
28 0.382958 0.269915 0.004143 0.001780
30 0.401830 0.251229 0.004143 0.001780
28 0.438876 0.253256 0.004143 0.001780
5 0.357830 0.261517 0.007968 0.009791
92 0.420359 0.257386 0.004781 0.004450
30 0.464366 0.251238 0.003018 0.001938
30 0.488858 0.248918 0.002830 0.002337
30 0.516319 0.248918 0.002771 0.002337
30 0.464258 0.255328 0.002914 0.001798
28 0.486239 0.255297 0.008785 0.006369
30 0.513734 0.255386 0.009669 0.006140
30 0.539976 0.253357 0.003008 0.002520
30 0.539389 0.256549 0.004660 0.003803
30 0.596390 0.255142 0.008081 0.006461
92 0.568526 0.257385 0.005204 0.004835
30 0.535007 0.253733 0.003067 0.002474
28 0.536858 0.270370 0.011384 0.006278
28 0.595812 0.270283 0.010027 0.005911
92 0.568526 0.257385 0.005017 0.004495
34 0.615452 0.255404 0.006342 0.002403
30 0.677659 0.255349 0.006342 0.002403
30 0.698745 0.250029 0.003282 0.002487
30 0.719931 0.251144 0.006342 0.002403
30 0.741720 0.255293 0.006342 0.002403
32 0.622258 0.269973 0.003871 0.002618
28 0.677521 0.269835 0.006174 0.002244
28 0.696416 0.260878 0.003702 0.002618
28 0.720130 0.265812 0.006174 0.002244
28 0.742104 0.270156 0.006174 0.002244
32 0.767478 0.261183 0.002890 0.002612
32 0.816278 0.256684 0.008138 0.003482
27 0.846966 0.257385 0.003278 0.004262
34 0.766531 0.276447 0.002568 0.001801
32 0.807813 0.261556 0.002568 0.001801
27 0.846966 0.257385 0.003161 0.003962
30 0.888026 0.254976 0.008613 0.003482
5 0.855101 0.261532 0.004700 0.011976
27 0.865073 0.257387 0.003008 0.004790
92 0.889628 0.257386 0.002820 0.005444
91 0.900689 0.257386 0.002820 0.005444
28 0.878499 0.265732 0.002370 0.002045
5 0.855101 0.261534 0.004557 0.011246
27 0.865080 0.257386 0.002917 0.004499
92 0.889639 0.257386 0.002734 0.005112
91 0.900700 0.257386 0.002734 0.005112
30 0.408980 0.300564 0.008785 0.003849
30 0.439069 0.299716 0.004946 0.002530
5 0.357953 0.305973 0.009511 0.013913
92 0.383409 0.301803 0.005707 0.006324
92 0.420505 0.301802 0.005707 0.006324
28 0.401903 0.314395 0.004863 0.002444
28 0.439297 0.314415 0.004863 0.002444
5 0.357953 0.305974 0.009351 0.013440
92 0.383416 0.301803 0.005611 0.006109
92 0.420513 0.301802 0.005611 0.006109
32 0.469965 0.302405 0.005778 0.003666
91 0.489623 0.301802 0.004053 0.006289
34 0.463985 0.320789 0.003453 0.002430
91 0.489623 0.301802 0.003984 0.006076
30 0.562919 0.300788 0.008494 0.003666
30 0.587979 0.299715 0.005194 0.002529
92 0.529575 0.301802 0.005993 0.006321
92 0.568527 0.301802 0.005993 0.006321
28 0.540555 0.313259 0.003716 0.002429
28 0.588144 0.314419 0.005106 0.002443
92 0.529575 0.301802 0.005891 0.006107
92 0.568527 0.301802 0.005891 0.006107
32 0.615678 0.305989 0.008568 0.002588
91 0.680086 0.301802 0.009886 0.006471
34 0.615141 0.320789 0.008422 0.002501
91 0.680086 0.301802 0.009718 0.006251
27 0.846966 0.301802 0.003776 0.005565
27 0.846966 0.301802 0.003712 0.005376
5 0.855181 0.305980 0.005284 0.015142
27 0.865111 0.301803 0.003382 0.006057
5 0.855181 0.305981 0.005194 0.014623
27 0.865113 0.301802 0.003324 0.005849
30 0.409702 0.339636 0.008534 0.003970
30 0.439102 0.343160 0.003811 0.001482
8 0.358260 0.337060 0.007329 0.008150
92 0.383324 0.341109 0.004397 0.003705
92 0.420405 0.341109 0.004397 0.003705
32 0.463972 0.349339 0.002686 0.001495
91 0.489485 0.341109 0.003099 0.003739
30 0.540492 0.341403 0.003077 0.002436
30 0.588051 0.343163 0.003997 0.001501
92 0.529572 0.341107 0.004612 0.003752
92 0.568526 0.341107 0.004612 0.003752
32 0.614970 0.349089 0.005818 0.001888
91 0.677694 0.341122 0.006713 0.004720
27 0.846968 0.341107 0.002906 0.003307
8 0.855402 0.337044 0.004181 0.009328
27 0.865092 0.341109 0.002676 0.003731
28 0.157659 0.369469 0.008050 0.005551
30 0.170336 0.371529 0.008276 0.005992
30 0.170336 0.371529 0.008276 0.005992
30 0.213900 0.373828 0.007709 0.005111
28 0.213900 0.373828 0.007709 0.005111
30 0.224211 0.370851 0.007823 0.007226
28 0.242069 0.376077 0.003247 0.001767
30 0.250380 0.374007 0.003247 0.001767
28 0.258822 0.376076 0.003247 0.001767
30 0.267169 0.373997 0.003247 0.001767
30 0.279659 0.373990 0.003247 0.001767
67 0.275324 0.373993 0.002498 0.003888
28 0.302458 0.369305 0.009322 0.006507
28 0.302458 0.369305 0.009322 0.006507
30 0.302458 0.369305 0.009322 0.006507
28 0.315850 0.374097 0.005546 0.006369
28 0.329390 0.372061 0.009145 0.005728
30 0.315850 0.374097 0.005546 0.006369
28 0.329390 0.372061 0.009145 0.005728
30 0.332462 0.367729 0.002655 0.002062
28 0.332462 0.367729 0.002655 0.002062
30 0.332462 0.367729 0.002655 0.002062
28 0.333436 0.361063 0.006254 0.005544
28 0.350540 0.367839 0.001589 0.001639
67 0.323135 0.374001 0.001222 0.003605
30 0.394740 0.369928 0.009021 0.006003
28 0.431803 0.393392 0.002771 0.002245
30 0.418048 0.380039 0.002712 0.002108
28 0.421120 0.370874 0.008254 0.007881
5 0.357841 0.380212 0.007110 0.007755
92 0.401855 0.376074 0.004266 0.003525
92 0.439047 0.376073 0.004266 0.003525
30 0.471871 0.393706 0.009964 0.006003
28 0.471895 0.384467 0.009080 0.005728
30 0.472059 0.374052 0.008785 0.006323
30 0.474964 0.367704 0.003125 0.002658
30 0.489512 0.369896 0.002607 0.001422
28 0.499314 0.374072 0.009374 0.006644
30 0.499314 0.374072 0.009374 0.006644
28 0.515844 0.376073 0.002607 0.001422
65 0.461238 0.374013 0.002006 0.003129
28 0.537101 0.395334 0.009673 0.007469
28 0.537046 0.384774 0.009025 0.005682
30 0.536997 0.374242 0.009201 0.006094
30 0.568541 0.382342 0.003877 0.001429
30 0.563899 0.375174 0.008140 0.003941
28 0.568498 0.363776 0.003877 0.001429
92 0.549050 0.376072 0.004473 0.003572
92 0.588003 0.376072 0.004473 0.003572
30 0.620322 0.396270 0.008667 0.006939
28 0.622806 0.384706 0.002945 0.002357
30 0.615504 0.374086 0.005707 0.001795
92 0.646209 0.376088 0.006585 0.004487
91 0.677772 0.376086 0.006585 0.004487
30 0.766531 0.395134 0.002290 0.001431
28 0.774254 0.392978 0.002290 0.001431
30 0.779417 0.390832 0.002290 0.001431
28 0.793425 0.389697 0.011323 0.005178
30 0.802952 0.388476 0.003244 0.002612
28 0.794751 0.384451 0.002290 0.001431
30 0.802787 0.382342 0.002290 0.001431
28 0.807813 0.380243 0.002290 0.001431
28 0.822545 0.380243 0.002290 0.001431
30 0.843032 0.380404 0.007195 0.004078
28 0.828071 0.385073 0.003303 0.002474
30 0.845724 0.385372 0.002890 0.002474
67 0.799619 0.382342 0.001761 0.003148
65 0.827445 0.382342 0.001761 0.003148
27 0.846966 0.376072 0.002818 0.003148
32 0.874531 0.388557 0.002655 0.002062
30 0.906462 0.396952 0.002891 0.002566
30 0.914145 0.392058 0.009616 0.006873
5 0.855104 0.380226 0.004063 0.008912
27 0.865096 0.376073 0.002600 0.003565
30 0.157942 0.426161 0.008503 0.006521
28 0.170262 0.428662 0.007823 0.006168
28 0.170262 0.428662 0.007823 0.006168
28 0.214546 0.431256 0.009750 0.005992
30 0.214546 0.431256 0.009750 0.005992
28 0.224398 0.428229 0.008730 0.006609
30 0.242551 0.432780 0.003203 0.001699
28 0.250952 0.430685 0.003203 0.001699
30 0.259512 0.432836 0.003203 0.001699
28 0.267945 0.430733 0.003203 0.001699
28 0.280581 0.430768 0.003203 0.001699
67 0.275584 0.430754 0.002464 0.003739
30 0.302335 0.425828 0.008850 0.005636
30 0.302335 0.425828 0.008850 0.005636
28 0.302335 0.425828 0.008850 0.005636
30 0.305793 0.430070 0.003599 0.002474
30 0.305793 0.430070 0.003599 0.002474
28 0.333559 0.430269 0.004189 0.002887
30 0.333559 0.430269 0.004189 0.002887
28 0.330130 0.424725 0.008909 0.005911
30 0.330130 0.424725 0.008909 0.005911
28 0.330130 0.424725 0.008909 0.005911
30 0.332945 0.418226 0.002655 0.002062
30 0.350984 0.424383 0.001547 0.001553
67 0.322870 0.430736 0.001190 0.003416
30 0.379498 0.437534 0.003125 0.002383
28 0.379173 0.425131 0.002830 0.003528
28 0.413451 0.435772 0.005778 0.002841
30 0.421329 0.424424 0.009021 0.006415
28 0.420383 0.413991 0.003548 0.001297
5 0.357844 0.422254 0.006823 0.007134
92 0.401874 0.418114 0.004094 0.003243
92 0.439058 0.418113 0.004094 0.003243
30 0.468349 0.439199 0.008785 0.007881
28 0.463979 0.426454 0.002504 0.001308
28 0.483899 0.421326 0.006014 0.004353
28 0.483899 0.421326 0.006014 0.004353
30 0.499568 0.424822 0.008667 0.005774
28 0.499568 0.424822 0.008667 0.005774
30 0.516112 0.428618 0.002504 0.001308
28 0.540522 0.431137 0.003421 0.002383
28 0.537242 0.426894 0.008494 0.005728
30 0.537516 0.416397 0.008376 0.006094
30 0.568541 0.424383 0.003720 0.001315
30 0.564272 0.417268 0.008140 0.003345
28 0.568498 0.405817 0.003720 0.001315
92 0.549050 0.418113 0.004292 0.003289
92 0.588003 0.418113 0.004292 0.003289
30 0.620372 0.438259 0.008835 0.007135
28 0.614959 0.426208 0.005544 0.001651
30 0.615524 0.416123 0.005544 0.001651
92 0.646267 0.418127 0.006397 0.004127
91 0.677850 0.418125 0.006397 0.004127
30 0.766531 0.437175 0.002197 0.001317
28 0.774254 0.435019 0.002197 0.001317
30 0.779417 0.432873 0.002197 0.001317
28 0.793803 0.431761 0.009908 0.005957
30 0.793803 0.431761 0.009908 0.005957
28 0.794751 0.426491 0.002197 0.001317
30 0.803263 0.421835 0.005426 0.004307
28 0.803263 0.421835 0.005426 0.004307
28 0.822545 0.422284 0.002197 0.001317
30 0.830136 0.424383 0.002197 0.001317
28 0.835234 0.426491 0.002197 0.001317
30 0.840338 0.428609 0.002197 0.001317
67 0.799619 0.424383 0.001690 0.002898
65 0.827445 0.424383 0.001690 0.002898
27 0.846966 0.418113 0.002704 0.002898
28 0.868407 0.432324 0.003657 0.002658
5 0.855105 0.422268 0.003951 0.008426
27 0.865099 0.418114 0.002529 0.003370
92 0.889675 0.418113 0.002371 0.003830
91 0.900732 0.418113 0.002371 0.003830
28 0.131629 0.450375 0.002834 0.002203
28 0.170822 0.453186 0.009297 0.005463
28 0.207587 0.459539 0.009970 0.009365
30 0.245765 0.465769 0.009970 0.009365
30 0.295185 0.462278 0.004838 0.004032
30 0.307415 0.453253 0.003871 0.009672
30 0.330640 0.453288 0.008555 0.005132
28 0.330640 0.453288 0.008555 0.005132
30 0.330640 0.453288 0.008555 0.005132
28 0.334963 0.459541 0.003871 0.009672
30 0.338931 0.457450 0.003871 0.009672
28 0.330640 0.453288 0.008555 0.005132
30 0.346914 0.453253 0.003871 0.009672
30 0.350824 0.457450 0.003871 0.009672
67 0.332940 0.459541 0.002978 0.021279
28 0.373695 0.459183 0.002771 0.002199
30 0.420719 0.453253 0.011106 0.012456
6 0.358084 0.459541 0.021358 0.039990
65 0.379250 0.459541 0.008543 0.027404
92 0.402138 0.459541 0.012815 0.031141
92 0.439220 0.459541 0.012815 0.031141
34 0.473133 0.463819 0.008372 0.006048
30 0.500959 0.468378 0.008785 0.005636
30 0.500959 0.468378 0.008785 0.005636
30 0.500959 0.468378 0.008785 0.005636
30 0.515855 0.465782 0.007986 0.012538
67 0.512272 0.465783 0.006143 0.027584
28 0.537662 0.466247 0.008494 0.005774
28 0.568517 0.467862 0.011669 0.012724
28 0.564808 0.458485 0.008376 0.003666
30 0.568534 0.453253 0.011669 0.012724
92 0.549051 0.459541 0.013465 0.031810
92 0.588003 0.459541 0.013465 0.031810
30 0.619979 0.466451 0.007405 0.005891
92 0.648750 0.459537 0.026796 0.028388
91 0.681112 0.459537 0.026796 0.028388
30 0.779041 0.464496 0.002654 0.002062
28 0.779041 0.464496 0.002654 0.002062
30 0.793498 0.460255 0.008315 0.006003
28 0.793498 0.460255 0.008315 0.006003
30 0.780360 0.457804 0.005897 0.005728
28 0.805725 0.458137 0.005544 0.005957
30 0.802808 0.453253 0.006893 0.012729
28 0.807813 0.451148 0.006893 0.012729
28 0.822544 0.451148 0.006893 0.012729
30 0.830066 0.453253 0.006893 0.012729
28 0.835061 0.455354 0.006893 0.012729
30 0.840029 0.457450 0.006893 0.012729
67 0.799651 0.453253 0.005302 0.028004
65 0.827384 0.453253 0.005302 0.028004
27 0.846966 0.459541 0.008483 0.028004
28 0.888507 0.458811 0.008023 0.003208
6 0.855262 0.459541 0.009957 0.039990
27 0.865153 0.459541 0.006373 0.021238
92 0.889779 0.459541 0.005974 0.024134
91 0.900828 0.459541 0.005974 0.024134
30 0.153180 0.492736 0.003004 0.001481
30 0.165236 0.492731 0.003004 0.001481
30 0.181386 0.492723 0.003004 0.001481
30 0.200947 0.492714 0.003004 0.001481
30 0.217366 0.492706 0.003004 0.001481
30 0.233875 0.492699 0.003004 0.001481
30 0.250523 0.492691 0.003004 0.001481
30 0.267264 0.492683 0.003004 0.001481
28 0.303553 0.496506 0.008437 0.005728
30 0.306966 0.486037 0.002950 0.002337
30 0.306966 0.486037 0.002950 0.002337
30 0.306966 0.486037 0.002950 0.002337
30 0.306966 0.486037 0.002950 0.002337
30 0.335382 0.481819 0.005487 0.004995
30 0.330475 0.490499 0.008437 0.005911
30 0.346668 0.488572 0.001464 0.001392
30 0.383325 0.496831 0.003353 0.001157
28 0.421245 0.488510 0.008195 0.005728
8 0.358263 0.490654 0.006448 0.006361
92 0.401896 0.494761 0.003869 0.002891
92 0.439072 0.494760 0.003869 0.002891
34 0.472746 0.486760 0.008313 0.006186
30 0.500586 0.490922 0.008136 0.005682
30 0.500586 0.490922 0.008136 0.005682
30 0.500586 0.490922 0.008136 0.005682
30 0.515698 0.488567 0.002368 0.001165
67 0.512104 0.488569 0.001821 0.002563
28 0.537587 0.488806 0.008730 0.006140
28 0.565297 0.493818 0.008081 0.003666
92 0.549050 0.494760 0.004054 0.002935
92 0.588003 0.494760 0.004054 0.002935
30 0.616289 0.488571 0.005796 0.001281
92 0.647958 0.494760 0.006688 0.003203
91 0.680085 0.494760 0.006688 0.003203
28 0.778512 0.499777 0.003361 0.002429
30 0.778512 0.499777 0.003361 0.002429
28 0.778512 0.499777 0.003361 0.002429
30 0.793498 0.497412 0.008138 0.005957
28 0.780130 0.492979 0.006546 0.005590
30 0.797162 0.491291 0.002654 0.002062
28 0.797162 0.491291 0.002654 0.002062
30 0.797162 0.487057 0.003126 0.002658
30 0.822398 0.488572 0.002076 0.001176
28 0.817052 0.494133 0.008669 0.003666
30 0.834948 0.492688 0.002076 0.001176
28 0.839996 0.494760 0.002076 0.001176
67 0.799722 0.490625 0.001597 0.002586
65 0.827245 0.490625 0.001597 0.002586
27 0.846966 0.494760 0.002555 0.002586
30 0.864808 0.497387 0.008141 0.006003
8 0.855404 0.490641 0.003753 0.007596
27 0.865103 0.494761 0.002402 0.003038
92 0.889684 0.494760 0.002252 0.003453
91 0.900740 0.494760 0.002252 0.003453
36 0.325781 0.534030 0.006662 0.004811
38 0.334574 0.543592 0.005719 0.005774
36 0.426820 0.530168 0.009968 0.007515
5 0.415760 0.553654 0.008350 0.022851
67 0.429884 0.532888 0.003340 0.009140
38 0.426685 0.541097 0.009260 0.006186
5 0.415758 0.553653 0.008344 0.022840
30 0.498560 0.530811 0.005545 0.004155
92 0.516651 0.549500 0.006398 0.010387
91 0.534739 0.549500 0.006398 0.010387
28 0.498560 0.541193 0.005550 0.004158
92 0.516653 0.549500 0.006404 0.010395
91 0.534742 0.549500 0.006404 0.010395
38 0.814599 0.531416 0.010264 0.006186
5 0.800179 0.553653 0.007793 0.022839
36 0.810057 0.541412 0.004778 0.004078
5 0.800180 0.553654 0.007800 0.022868
38 0.869443 0.532444 0.008200 0.003849
36 0.868494 0.540693 0.004956 0.003162
38 0.333812 0.580380 0.002712 0.002062
38 0.427194 0.575873 0.008611 0.006827
5 0.415750 0.588469 0.008185 0.022309
30 0.469384 0.582219 0.004102 0.003790
5 0.415718 0.588456 0.007888 0.020846
28 0.498612 0.575996 0.005119 0.003889
92 0.516431 0.584302 0.005906 0.009722
91 0.534458 0.584303 0.005906 0.009722
30 0.498507 0.586391 0.005206 0.003891
92 0.516524 0.584302 0.006007 0.009728
91 0.534574 0.584304 0.006007 0.009728
36 0.810160 0.572096 0.005368 0.004170
5 0.800127 0.588462 0.007343 0.020711
36 0.810268 0.576484 0.004542 0.004032
5 0.800122 0.588465 0.007189 0.019795
36 0.882487 0.572130 0.002832 0.002154
63 0.863261 0.571758 0.006094 0.009025
36 0.866221 0.575575 0.004366 0.003437
38 0.433714 0.613968 0.003995 0.003591
5 0.415703 0.624345 0.007682 0.019753
38 0.440183 0.618138 0.005898 0.006048
5 0.415692 0.624347 0.007493 0.018763
67 0.430292 0.618108 0.002997 0.007505
28 0.498602 0.611830 0.005493 0.004116
92 0.516648 0.620198 0.006338 0.010291
91 0.534734 0.620198 0.006338 0.010291
28 0.498526 0.616050 0.005179 0.003797
92 0.516531 0.620196 0.005975 0.009491
91 0.534591 0.620195 0.005975 0.009491
38 0.809510 0.621647 0.003598 0.003757
5 0.800120 0.624356 0.007048 0.018986
38 0.810431 0.626352 0.004306 0.006415
5 0.800119 0.624358 0.006912 0.018234
38 0.874853 0.623593 0.004897 0.003299
63 0.864016 0.622268 0.005517 0.007956
38 0.868700 0.625492 0.003717 0.002841
36 0.334294 0.641431 0.006603 0.004582
36 0.332309 0.649872 0.003537 0.002245
36 0.427231 0.643795 0.009319 0.007973
8 0.415641 0.658685 0.011977 0.039990
36 0.433817 0.654475 0.006661 0.009434
8 0.415628 0.658692 0.012811 0.039990
30 0.498244 0.643619 0.008293 0.007602
92 0.517049 0.662882 0.009569 0.019005
91 0.535236 0.662883 0.009569 0.019005
28 0.498534 0.658664 0.009073 0.009017
92 0.517026 0.662886 0.010469 0.022544
91 0.535207 0.662886 0.010469 0.022544
38 0.809323 0.650180 0.006371 0.004903
8 0.800079 0.658702 0.011263 0.039990
36 0.810883 0.665031 0.004306 0.005590
8 0.800075 0.658705 0.012022 0.039990
36 0.883776 0.651729 0.003245 0.002566
38 0.868480 0.666814 0.004838 0.003391
5 0.415758 0.703409 0.008344 0.022558
5 0.415758 0.703409 0.008344 0.022558
36 0.811043 0.695695 0.004702 0.004376
5 0.800179 0.703409 0.007793 0.022558
5 0.800179 0.703409 0.007793 0.022558
36 0.873599 0.696013 0.005400 0.003835
5 0.415758 0.740426 0.008344 0.023124
5 0.415758 0.740426 0.008344 0.023125
5 0.800179 0.740426 0.007793 0.023124
5 0.800179 0.740426 0.007794 0.023125
8 0.415600 0.767397 0.019255 0.039990
8 0.800066 0.767403 0.018122 0.039990
32 0.123612 0.820252 0.010218 0.006472
30 0.184420 0.826462 0.007647 0.007051
30 0.195155 0.821865 0.009812 0.007103
28 0.219352 0.820726 0.010731 0.006278
28 0.219352 0.820726 0.010731 0.006278
30 0.231956 0.823995 0.003007 0.002612
30 0.231956 0.823995 0.003007 0.002612
28 0.244164 0.819550 0.003125 0.002291
28 0.244164 0.819550 0.003125 0.002291
30 0.252402 0.826536 0.004847 0.008517
30 0.259579 0.822428 0.004847 0.008517
77 0.210659 0.823183 0.003728 0.005962
77 0.217801 0.823183 0.003728 0.005962
77 0.224995 0.829332 0.003728 0.005962
77 0.232118 0.825237 0.003728 0.005962
77 0.239254 0.823183 0.003728 0.005962
77 0.246410 0.823183 0.003728 0.005962
77 0.253513 0.829332 0.003728 0.005962
77 0.260683 0.825237 0.003728 0.005962
28 0.270087 0.820368 0.005383 0.008540
28 0.277551 0.816067 0.003126 0.002612
28 0.291893 0.810707 0.006074 0.004216
28 0.305909 0.806542 0.008846 0.003666
77 0.271385 0.823183 0.004141 0.005978
77 0.283534 0.819061 0.004141 0.005978
77 0.295748 0.817522 0.004141 0.005978
76 0.308085 0.802419 0.004141 0.005978
30 0.334916 0.806846 0.008430 0.003941
92 0.349969 0.807913 0.012670 0.021871
91 0.375023 0.807913 0.012670 0.021871
30 0.469577 0.810000 0.006199 0.008443
28 0.475695 0.812082 0.006199 0.008443
30 0.481779 0.814159 0.006199 0.008443
28 0.477451 0.818088 0.005603 0.005132
5 0.415846 0.812091 0.011921 0.039990
91 0.433859 0.807913 0.007153 0.021109
92 0.455436 0.807913 0.007153 0.021109
34 0.505877 0.817464 0.004894 0.003482
28 0.556178 0.823435 0.006780 0.004674
28 0.565805 0.821183 0.010495 0.005911
67 0.562909 0.820348 0.006221 0.018371
34 0.589976 0.818571 0.008019 0.006278
28 0.648492 0.826755 0.003302 0.002337
28 0.668541 0.821423 0.010319 0.005911
67 0.661400 0.820325 0.008094 0.017886
30 0.691373 0.818945 0.008080 0.006232
30 0.691373 0.818945 0.008080 0.006232
28 0.691629 0.824886 0.003008 0.002337
28 0.716956 0.818889 0.003008 0.002291
30 0.716956 0.818889 0.003008 0.002291
30 0.716956 0.818889 0.003008 0.002291
28 0.728951 0.824484 0.005374 0.008502
28 0.736981 0.820368 0.005374 0.008502
67 0.701629 0.820368 0.004134 0.018703
77 0.682083 0.821124 0.004134 0.005951
77 0.690072 0.821124 0.004134 0.005951
77 0.698090 0.827287 0.004134 0.005951
77 0.706298 0.823183 0.004134 0.005951
77 0.714282 0.821124 0.004134 0.005951
77 0.722256 0.821124 0.004134 0.005951
77 0.730186 0.827287 0.004134 0.005951
77 0.738208 0.823183 0.004134 0.005951
30 0.746651 0.816667 0.003068 0.003070
30 0.756430 0.812494 0.002655 0.002062
30 0.770590 0.811489 0.005545 0.004353
30 0.784894 0.807299 0.008495 0.003803
67 0.782505 0.805822 0.004170 0.018753
77 0.749680 0.821124 0.004170 0.005967
77 0.762002 0.817522 0.004170 0.005967
77 0.774371 0.813376 0.004170 0.005967
76 0.786845 0.802419 0.004170 0.005967
28 0.821305 0.806122 0.003068 0.002658
5 0.800242 0.812087 0.011161 0.039990
92 0.825885 0.807913 0.006697 0.021274
91 0.838351 0.807913 0.006697 0.021274
36 0.873256 0.820108 0.009144 0.004491
65 0.864415 0.820411 0.009139 0.018442
30 0.104317 0.870190 0.025869 0.029880
92 0.128053 0.851558 0.029848 0.039990
91 0.152290 0.851557 0.029848 0.039990
30 0.218119 0.870294 0.009375 0.008156
30 0.238254 0.869901 0.011129 0.033505
92 0.223835 0.851560 0.012841 0.039990
92 0.252657 0.851560 0.012841 0.039990
30 0.270387 0.869887 0.010859 0.034890
92 0.282204 0.851562 0.012530 0.039990
91 0.294487 0.851562 0.012530 0.039990
30 0.469598 0.853632 0.012644 0.033635
28 0.475685 0.855692 0.012644 0.033635
30 0.481722 0.857742 0.012644 0.033635
28 0.487747 0.859782 0.012644 0.033635
5 0.415945 0.855707 0.024315 0.039990
91 0.433891 0.851561 0.014589 0.039990
92 0.455477 0.851561 0.014589 0.039990
30 0.509401 0.860282 0.002771 0.002337
92 0.516862 0.851560 0.020816 0.039990
91 0.535003 0.851560 0.020816 0.039990
28 0.590496 0.869307 0.010555 0.005544
92 0.604371 0.851557 0.030612 0.039990
91 0.626973 0.851556 0.030612 0.039990
28 0.691736 0.869978 0.009260 0.005819
28 0.713258 0.867899 0.013442 0.032854
92 0.696877 0.851559 0.015510 0.039990
92 0.729276 0.851558 0.015510 0.039990
28 0.748648 0.867886 0.010937 0.035068
92 0.760668 0.851562 0.012620 0.039990
91 0.773093 0.851562 0.012620 0.039990
38 0.812279 0.864674 0.007079 0.004628
5 0.800309 0.855703 0.023695 0.039990
36 0.873776 0.864046 0.009675 0.004216
30 0.123235 0.897497 0.008391 0.006472
92 0.145155 0.887379 0.010422 0.023726
91 0.163952 0.887379 0.010422 0.023726
30 0.217975 0.897560 0.008962 0.006919
30 0.238120 0.897770 0.005171 0.009694
92 0.223715 0.887380 0.005967 0.024236
92 0.252552 0.887380 0.005967 0.024236
30 0.270063 0.897770 0.005744 0.009720
92 0.282204 0.887380 0.006627 0.024300
91 0.294487 0.887380 0.006627 0.024300
28 0.469555 0.891550 0.006623 0.009643
30 0.475668 0.893627 0.006623 0.009643
28 0.481748 0.895698 0.006623 0.009643
30 0.487830 0.897765 0.006623 0.009643
6 0.415763 0.887380 0.012737 0.039990
91 0.433853 0.887380 0.007642 0.024107
92 0.455428 0.887380 0.007642 0.024107
28 0.506955 0.896331 0.008490 0.005819
92 0.516748 0.887380 0.009966 0.023885
91 0.534861 0.887380 0.009966 0.023885
28 0.590699 0.895952 0.008491 0.006186
92 0.604088 0.887378 0.012979 0.023336
91 0.626618 0.887378 0.012979 0.023336
28 0.679403 0.895975 0.003126 0.002474
28 0.713021 0.895701 0.005742 0.009706
92 0.696680 0.887380 0.006625 0.024265
92 0.729101 0.887380 0.006625 0.024265
28 0.746832 0.895896 0.003245 0.002933
92 0.760668 0.887380 0.006683 0.024330
91 0.773093 0.887380 0.006683 0.024330
38 0.812116 0.887531 0.004542 0.004307
6 0.800182 0.887380 0.012070 0.039990
36 0.870110 0.888119 0.003068 0.002383
30 0.122965 0.927806 0.008662 0.005946
92 0.145254 0.925898 0.026131 0.039990
91 0.164088 0.925897 0.026131 0.039990
30 0.216377 0.927891 0.008491 0.005957
30 0.229018 0.928746 0.005778 0.004582
92 0.223822 0.925900 0.018100 0.039990
92 0.252646 0.925900 0.018100 0.039990
30 0.270016 0.927981 0.019876 0.039990
92 0.282316 0.925899 0.022934 0.039990
91 0.294621 0.925899 0.022934 0.039990
28 0.469729 0.917528 0.016890 0.039990
30 0.475885 0.919637 0.016890 0.039990
28 0.481991 0.921735 0.016890 0.039990
30 0.488086 0.923823 0.016890 0.039990
8 0.415591 0.921722 0.032480 0.039990
91 0.433880 0.925901 0.019488 0.039990
92 0.455463 0.925901 0.019488 0.039990
28 0.507641 0.926528 0.008078 0.005957
92 0.516836 0.925900 0.028863 0.039990
91 0.534970 0.925900 0.028863 0.039990
28 0.590540 0.926205 0.008609 0.005728
92 0.604313 0.925898 0.043323 0.039990
91 0.626900 0.925897 0.043323 0.039990
28 0.679725 0.925978 0.003008 0.002566
28 0.717994 0.925026 0.008139 0.003666
92 0.696857 0.925900 0.022310 0.039990
92 0.729257 0.925899 0.022310 0.039990
28 0.747121 0.925707 0.002832 0.002245
92 0.760668 0.925901 0.016862 0.039990
91 0.773093 0.925901 0.016862 0.039990
36 0.800108 0.925848 0.003009 0.002566
8 0.800062 0.921725 0.033109 0.039990
38 0.871346 0.928821 0.003009 0.002337
