30 0.577176 0.542500 0.065134 0.083333
5 0.181992 0.490833 0.137384 0.595000
141 0.164751 0.110000 0.143404 0.220000
141 0.189108 0.919583 0.137384 0.160833
70 0.588396 0.887083 0.130268 0.092500
70 0.583470 0.262083 0.124795 0.084167
201 0.786535 0.662500 0.415982 0.090000
200 0.815545 0.979167 0.368911 0.041667
200 0.816366 0.951667 0.366174 0.085000
201 0.804598 0.391667 0.387521 0.110000
201 0.814997 0.980000 0.363437 0.040000
201 0.792009 0.649167 0.415982 0.051667
201 0.796661 0.568333 0.405583 0.060000
201 0.816913 0.951250 0.363985 0.077500
