26 0.246809 0.194922 0.020862 0.135104
24 0.627329 0.251067 0.024154 0.141827
24 0.126828 0.253682 0.023054 0.134666
24 0.372985 0.249592 0.021578 0.139004
24 0.922916 0.944787 0.024792 0.106232
24 0.950914 0.949056 0.020365 0.092559
24 0.975028 0.950597 0.021091 0.093214
47 0.880684 0.172353 0.019795 0.340092
26 0.698817 0.194688 0.021764 0.134432
26 0.947300 0.070042 0.021193 0.140083
26 0.758979 0.201883 0.022107 0.141365
109 0.204820 0.423675 0.018331 0.364142
24 0.627176 0.379370 0.023020 0.147819
26 0.493893 0.188758 0.020976 0.124321
26 0.968577 0.079177 0.021633 0.158355
26 0.921557 0.082604 0.019580 0.165208
26 0.809505 0.199380 0.020237 0.126136
86 0.205034 0.428432 0.018583 0.372110
134 0.537494 0.457768 0.749754 0.580028
86 0.081452 0.432498 0.017472 0.364337
26 0.785096 0.202844 0.020968 0.145709
86 0.565233 0.431521 0.016327 0.354246
86 0.444009 0.417274 0.015713 0.312274
24 0.691092 0.708941 0.009143 0.068094
24 0.008116 0.182624 0.016233 0.109813
86 0.241942 0.487968 0.017557 0.483394
24 0.127612 0.384878 0.022243 0.159269
109 0.543128 0.440982 0.020696 0.408078
24 0.699468 0.335437 0.019200 0.109769
24 0.493818 0.190880 0.020713 0.127674
