123 0.582944 0.612689 0.819506 0.040276
123 0.504296 0.393494 0.991407 0.042106
123 0.433010 0.281725 0.866019 0.038644
26 0.565080 0.007259 0.053081 0.014446
123 0.388016 0.723972 0.769617 0.039700
121 0.880052 0.693393 0.239895 0.084500
26 0.182528 0.331527 0.057447 0.025491
26 0.572143 0.547570 0.038975 0.026348
26 0.572223 0.541248 0.038627 0.022443
26 0.016375 0.538983 0.031082 0.016415
26 0.195015 0.313581 0.056257 0.014877
26 0.016332 0.314542 0.031076 0.016331
123 0.495972 0.501460 0.988072 0.041453
26 0.016344 0.426672 0.030964 0.016061
123 0.500000 0.721202 1.000000 0.051844
26 0.016401 0.681941 0.031137 0.017824
26 0.016309 0.575834 0.031079 0.016851
26 0.016501 0.758092 0.031235 0.015555
26 0.017975 0.144213 0.035951 0.020541
26 0.016309 0.357735 0.031022 0.019220
26 0.016553 0.763560 0.031461 0.016979
26 0.023809 0.410807 0.047618 0.015233
26 0.565513 0.321790 0.051655 0.019816
26 0.202971 0.300269 0.070694 0.015582
26 0.565686 0.078804 0.050713 0.026240
26 0.565784 0.091355 0.050575 0.026208
26 0.565696 0.066464 0.050713 0.026530
26 0.016456 0.463370 0.031208 0.017720
26 0.565690 0.072640 0.050711 0.026450
26 0.565809 0.054252 0.050531 0.026171
26 0.565804 0.097523 0.050557 0.026189
26 0.565734 0.085146 0.050657 0.026161
26 0.565275 0.028491 0.052079 0.023177
26 0.565397 0.034923 0.051588 0.023580
26 0.565775 0.047670 0.050645 0.025668
26 0.565770 0.060215 0.050611 0.026695
26 0.016346 0.351298 0.031281 0.017567
121 0.666412 0.722535 0.667176 0.042109
26 0.565823 0.103841 0.050529 0.026177
26 0.565722 0.122540 0.050810 0.026511
26 0.565777 0.116324 0.050682 0.026429
24 0.023095 0.986339 0.041667 0.017099
26 0.565810 0.110038 0.050603 0.026300
26 0.565636 0.041672 0.051034 0.024817
26 0.565627 0.135240 0.050959 0.026604
26 0.565648 0.128821 0.050917 0.026693
26 0.016470 0.657617 0.031049 0.016119
26 0.565596 0.141422 0.050991 0.026762
26 0.565598 0.147681 0.050959 0.026475
26 0.565802 0.329163 0.051426 0.024226
