123 0.437547 0.492374 0.749652 0.046731
26 0.008049 0.745175 0.016098 0.017090
123 0.587597 0.381669 0.749339 0.046149
123 0.368706 0.605439 0.737413 0.049409
123 0.612495 0.491868 0.749423 0.044838
26 0.008184 0.298272 0.016368 0.017983
26 0.007401 0.455682 0.014803 0.026453
26 0.007392 0.462069 0.014783 0.024308
26 0.007386 0.559762 0.014772 0.028494
123 0.462514 0.715079 0.749682 0.048246
26 0.007380 0.564695 0.014759 0.024594
26 0.007384 0.677842 0.014769 0.026367
26 0.007384 0.448886 0.014768 0.028007
26 0.007475 0.936259 0.014951 0.020036
26 0.007404 0.669303 0.014808 0.026124
26 0.007356 0.440904 0.014713 0.027774
26 0.007406 0.662049 0.014812 0.026567
26 0.007372 0.552735 0.014744 0.029865
26 0.007367 0.433775 0.014733 0.028499
26 0.007693 0.950810 0.015386 0.020784
26 0.007376 0.545217 0.014752 0.029909
26 0.007457 0.647414 0.014915 0.026736
26 0.007429 0.537013 0.014857 0.029132
26 0.007417 0.655465 0.014834 0.028383
26 0.007419 0.931273 0.014839 0.021886
26 0.007372 0.573446 0.014743 0.025141
26 0.007405 0.426086 0.014811 0.028084
24 0.006429 0.877544 0.012857 0.026752
24 0.004916 0.865589 0.009833 0.022626
