6 0.067383 0.516502 0.079102 0.425743
26 0.702542 0.208771 0.032296 0.074972
26 0.149645 0.223925 0.030498 0.069282
24 0.362836 0.372349 0.031301 0.083763
26 0.648851 0.021689 0.027062 0.041726
26 0.740691 0.126371 0.038728 0.069500
24 0.655413 0.648886 0.015678 0.052805
26 0.817699 0.306476 0.025878 0.078556
134 0.487511 0.476766 0.749776 0.295726
26 0.224784 0.143892 0.030674 0.081241
24 0.569306 0.376477 0.033174 0.061089
24 0.705387 0.305425 0.027935 0.078962
24 0.225083 0.236794 0.037633 0.089955
24 0.192546 0.233540 0.024853 0.089192
24 0.655225 0.580913 0.016119 0.056398
24 0.151119 0.314158 0.033165 0.085642
26 0.188293 0.140416 0.034372 0.071663
123 0.315157 0.617997 0.630284 0.146826
