85 0.183251 0.987970 0.020998 0.018679
84 0.879582 0.623330 0.026387 0.027472
84 0.704412 0.515035 0.016884 0.016509
84 0.522303 0.513462 0.027089 0.020493
24 0.006018 0.288466 0.012036 0.073456
84 0.101604 0.734947 0.025934 0.029114
24 0.005810 0.394174 0.011621 0.068726
84 0.612170 0.514585 0.010643 0.016979
24 0.005031 0.648071 0.010063 0.128397
84 0.837458 0.509556 0.031438 0.029089
26 0.104989 0.609784 0.041398 0.049893
24 0.096086 0.267509 0.021511 0.064943
24 0.097879 0.285194 0.024579 0.052662
86 0.006020 0.337392 0.012039 0.180179
24 0.005769 0.364191 0.011538 0.126126
24 0.124951 0.238685 0.016576 0.042809
84 0.150412 0.619155 0.040595 0.032063
84 0.168412 0.286961 0.033217 0.031737
