5 0.094971 0.507673 0.098145 0.578005
121 0.389988 0.192975 0.117917 0.112493
121 0.399687 0.815899 0.125202 0.110545
26 0.792990 0.322975 0.038445 0.069647
26 0.013433 0.023521 0.019787 0.045556
123 0.362785 0.354024 0.720496 0.147197
123 0.369059 0.646152 0.736631 0.118914
123 0.368502 0.961136 0.737005 0.077728
123 0.387505 0.530756 0.749735 0.179492
123 0.487506 0.647830 0.749776 0.126974
134 0.462490 0.451954 0.749847 0.349224
26 0.804252 0.947430 0.028331 0.073211
24 0.801394 0.973063 0.028690 0.045143
