26 0.129997 0.204022 0.020328 0.134204
24 0.373802 0.107704 0.023472 0.139474
24 0.009650 0.106358 0.019300 0.132655
26 0.630446 0.198301 0.019891 0.126937
109 0.174171 0.485828 0.014597 0.499361
24 0.631716 0.605784 0.021969 0.156804
24 0.375340 0.270474 0.020962 0.137655
86 0.081105 0.446865 0.016282 0.347370
24 0.763657 0.140120 0.022010 0.153475
24 0.247403 0.257956 0.022330 0.133448
24 0.790182 0.151832 0.020911 0.145580
24 0.814752 0.152425 0.022723 0.148797
109 0.420872 0.478164 0.011882 0.495675
109 0.053806 0.491160 0.014878 0.474995
1 0.012856 0.108849 0.025711 0.029098
24 0.010980 0.245074 0.016828 0.095753
26 0.925792 0.227884 0.019711 0.133722
86 0.566837 0.428796 0.017216 0.342483
24 0.011736 0.267801 0.017074 0.134157
26 0.699377 0.047748 0.026350 0.095387
24 0.495092 0.192112 0.020733 0.117634
86 0.324938 0.425825 0.016280 0.347658
47 0.882081 0.140232 0.015955 0.278536
24 0.925742 0.230255 0.019419 0.137822
24 0.864449 0.285961 0.022303 0.147555
1 0.374037 0.107475 0.031879 0.030702
134 0.487504 0.492566 0.749789 0.565171
24 0.721975 0.519059 0.014364 0.106161
86 0.445216 0.419312 0.016197 0.324070
109 0.365578 0.431743 0.010380 0.499364
84 0.699212 0.032922 0.027651 0.060015
1 0.814127 0.148419 0.029839 0.027268
26 0.495111 0.190053 0.020746 0.113920
109 0.680113 0.248664 0.011530 0.497328
109 0.544900 0.487788 0.020162 0.501632
24 0.627692 0.255745 0.017385 0.080510
109 0.122135 0.576120 0.010926 0.500658
26 0.699332 0.074377 0.022843 0.132151
26 0.722613 0.447914 0.012624 0.098203
109 0.621226 0.405070 0.012950 0.350317
24 0.266254 0.352668 0.015935 0.105516
86 0.002992 0.499326 0.005985 0.298286
24 0.630145 0.250601 0.020132 0.087664
24 0.882771 0.399025 0.018454 0.118907
