123 0.368531 0.726666 0.737061 0.055472
123 0.808325 0.387251 0.383349 0.049373
123 0.726349 0.387114 0.547302 0.048945
123 0.352714 0.502400 0.662424 0.049112
123 0.430123 0.612861 0.733810 0.048827
123 0.487475 0.727376 0.749773 0.053344
123 0.369279 0.276624 0.735845 0.050332
26 0.010684 0.011944 0.021303 0.022642
26 0.784448 0.677793 0.024677 0.051033
26 0.010526 0.018115 0.021053 0.029721
123 0.512364 0.276074 0.749211 0.053208
26 0.210276 0.683112 0.024175 0.042497
26 0.784647 0.652368 0.024732 0.032614
26 0.008042 0.983418 0.016084 0.031014
123 0.754691 0.835630 0.412716 0.058796
26 0.786186 0.318426 0.022695 0.026938
26 0.010307 0.820000 0.020614 0.033228
26 0.481402 0.550023 0.020109 0.029678
26 0.784211 0.238202 0.024337 0.034343
26 0.008261 0.249091 0.016521 0.032806
26 0.010239 0.683685 0.020479 0.036649
26 0.784177 0.244277 0.023920 0.032301
26 0.010255 0.692472 0.020510 0.036071
26 0.010305 0.812512 0.020609 0.035048
26 0.008115 0.237268 0.016231 0.030997
26 0.784823 0.231941 0.023571 0.037475
26 0.008312 0.352155 0.016625 0.030529
26 0.649650 0.337178 0.023155 0.034825
26 0.207985 0.552061 0.019873 0.029447
24 0.010488 0.835173 0.020975 0.029241
26 0.008373 0.059576 0.016746 0.026831
26 0.010436 0.650356 0.020872 0.027505
26 0.479977 0.313124 0.024459 0.027778
26 0.008009 0.227230 0.016019 0.031353
26 0.010217 0.673537 0.020433 0.034397
26 0.008370 0.575346 0.016740 0.036307
26 0.479555 0.329971 0.024101 0.032995
26 0.649671 0.675620 0.024036 0.042976
24 0.010569 0.034667 0.021138 0.026528
26 0.650545 0.311074 0.025152 0.032399
26 0.010274 0.802673 0.020549 0.035022
26 0.480284 0.226911 0.021817 0.036859
26 0.649965 0.329839 0.023899 0.033267
26 0.010254 0.781131 0.020507 0.035396
26 0.010300 0.662175 0.020600 0.036045
26 0.008236 0.332910 0.016462 0.027933
26 0.649623 0.343185 0.023206 0.032414
26 0.010230 0.792112 0.020460 0.034034
26 0.783820 0.688053 0.025623 0.045949
26 0.482206 0.668985 0.022180 0.033693
123 0.368836 0.389874 0.737123 0.051646
53 0.195263 0.894052 0.033081 0.059982
26 0.784659 0.645143 0.024679 0.030388
26 0.008282 0.455995 0.016564 0.034954
26 0.008229 0.445699 0.016459 0.033866
26 0.210139 0.663779 0.024307 0.041326
26 0.008054 0.220128 0.016108 0.033471
