123 0.512452 0.735659 0.749611 0.075545
123 0.460961 0.402294 0.744813 0.059437
123 0.462569 0.626114 0.749536 0.066450
123 0.462713 0.516365 0.748406 0.071727
24 0.624723 0.416192 0.031501 0.064632
26 0.073309 0.826450 0.052253 0.059243
24 0.618381 0.390203 0.020704 0.041267
123 0.358486 0.283722 0.707395 0.076109
26 0.765873 0.569123 0.032382 0.044447
26 0.765255 0.576810 0.030531 0.042513
24 0.622884 0.648846 0.020425 0.032386
26 0.004789 0.952009 0.009578 0.038941
24 0.009017 0.526259 0.018034 0.051540
26 0.355856 0.347074 0.025879 0.055326
