24 0.795659 0.502115 0.023911 0.050869
24 0.323521 0.284273 0.028091 0.065205
24 0.586035 0.508364 0.023661 0.035900
123 0.629790 0.715870 0.734372 0.058208
26 0.202735 0.317969 0.024638 0.025854
24 0.796479 0.610377 0.025680 0.043960
24 0.369580 0.506269 0.025092 0.050157
24 0.992181 0.529489 0.015639 0.043661
24 0.642346 0.421209 0.016178 0.028275
24 0.005558 0.615215 0.011116 0.049877
24 0.585978 0.489902 0.022138 0.042828
123 0.631441 0.279481 0.737117 0.049867
24 0.254697 0.407520 0.021359 0.034102
24 0.991675 0.292724 0.016650 0.043901
26 0.150004 0.425947 0.026330 0.030447
