123 0.587712 0.710794 0.749376 0.047518
123 0.289355 0.478990 0.577850 0.047762
121 0.936091 0.457766 0.123215 0.097442
123 0.587724 0.593649 0.749275 0.050405
26 0.004655 0.010319 0.009277 0.020638
123 0.390904 0.362262 0.742957 0.058787
123 0.487511 0.364306 0.749605 0.049662
26 0.011364 0.500965 0.022727 0.023349
123 0.634420 0.480113 0.666737 0.047084
26 0.008648 0.665623 0.017297 0.039137
26 0.008617 0.655486 0.017234 0.037548
26 0.163234 0.628472 0.030409 0.033513
24 0.632997 0.431005 0.018824 0.043971
24 0.004279 0.174485 0.008558 0.027622
26 0.552551 0.399246 0.034319 0.022590
24 0.094917 0.685977 0.049258 0.031512
24 0.174315 0.696555 0.018152 0.033979
26 0.164803 0.622942 0.027542 0.024156
26 0.177284 0.293075 0.033043 0.044546
26 0.008685 0.636380 0.017369 0.032940
26 0.008635 0.647529 0.017270 0.037610
26 0.238569 0.679609 0.037192 0.033223
