123 0.368844 0.314295 0.736859 0.043131
123 0.668745 0.535655 0.661286 0.040257
123 0.526003 0.314621 0.722347 0.041721
123 0.753734 0.645774 0.446645 0.036294
26 0.716321 0.585352 0.022652 0.026091
123 0.428363 0.646535 0.648721 0.040570
26 0.085055 0.703067 0.022919 0.026472
26 0.085103 0.713065 0.022796 0.031358
26 0.716316 0.578721 0.022846 0.023073
26 0.560587 0.600182 0.022001 0.029146
26 0.716632 0.570305 0.022682 0.015962
26 0.085090 0.697348 0.022991 0.024985
123 0.631044 0.312745 0.736791 0.044498
26 0.709494 0.467932 0.024722 0.021209
26 0.354002 0.561302 0.042222 0.014754
26 0.560492 0.590440 0.022065 0.023297
26 0.709295 0.474771 0.024072 0.026275
26 0.716357 0.592910 0.022489 0.029193
26 0.560631 0.570462 0.021802 0.018466
26 0.560511 0.584037 0.022162 0.022405
26 0.006417 0.787028 0.012833 0.017656
26 0.716423 0.598570 0.022481 0.028054
26 0.085041 0.691907 0.022691 0.020408
26 0.560630 0.606118 0.022156 0.030381
26 0.560581 0.578607 0.022264 0.022580
26 0.709246 0.482930 0.023678 0.035489
26 0.085125 0.723242 0.023179 0.028616
26 0.084916 0.681282 0.021647 0.020389
26 0.166912 0.792361 0.031494 0.019943
26 0.354676 0.590141 0.022444 0.020864
26 0.354725 0.596808 0.022419 0.023063
26 0.354967 0.710050 0.021808 0.023470
26 0.084982 0.730160 0.023655 0.033987
26 0.354935 0.702183 0.021798 0.020091
26 0.982362 0.800611 0.031476 0.021582
26 0.564653 0.682962 0.028354 0.015883
26 0.089614 0.679799 0.030680 0.020049
26 0.159629 0.690973 0.032136 0.026250
26 0.354959 0.716690 0.022053 0.025912
26 0.354908 0.696235 0.022007 0.020698
121 0.469745 0.830656 0.634833 0.034618
26 0.982659 0.570307 0.032868 0.023517
123 0.756798 0.312377 0.486404 0.045006
123 0.667774 0.644962 0.646890 0.038753
