123 0.554754 0.611345 0.888612 0.040566
123 0.672239 0.276297 0.654970 0.038840
123 0.552214 0.386655 0.895571 0.045017
123 0.662443 0.497089 0.644790 0.039458
26 0.139733 0.639200 0.036248 0.022865
26 0.132468 0.380717 0.036624 0.023721
123 0.443252 0.384713 0.658422 0.038718
26 0.019643 0.624792 0.035755 0.014222
123 0.483421 0.724880 0.965341 0.034349
26 0.509972 0.419685 0.031410 0.017403
24 0.514857 0.563040 0.022637 0.023409
121 0.502501 0.500643 0.993568 0.046140
26 0.509712 0.306356 0.031166 0.016761
26 0.509861 0.318451 0.030656 0.021507
26 0.169589 0.529926 0.030767 0.021456
26 0.514974 0.405373 0.045989 0.015672
26 0.509906 0.292291 0.056449 0.013756
26 0.510035 0.429866 0.031130 0.023452
26 0.251754 0.537825 0.038613 0.025464
