123 0.368704 0.626026 0.737407 0.057956
123 0.487446 0.401285 0.749686 0.058343
123 0.277834 0.513941 0.551465 0.046192
123 0.456856 0.517860 0.721028 0.045046
123 0.368681 0.739803 0.737363 0.057285
26 0.009053 0.012616 0.018090 0.023827
123 0.631415 0.517243 0.735069 0.048561
123 0.487492 0.290834 0.749672 0.054556
123 0.487498 0.628270 0.749748 0.059290
123 0.343719 0.513291 0.687094 0.053362
123 0.487528 0.741819 0.749607 0.056178
26 0.129696 0.450881 0.021233 0.046596
26 0.129552 0.442299 0.021500 0.035480
53 0.122696 0.779243 0.027950 0.056959
26 0.129675 0.561826 0.021567 0.028458
26 0.129601 0.575013 0.021118 0.045492
26 0.129573 0.557674 0.022251 0.052345
26 0.009174 0.017403 0.018349 0.032165
87 0.327660 0.599912 0.029083 0.101461
26 0.009206 0.577846 0.018413 0.051724
