123 0.537353 0.391221 0.749142 0.040667
26 0.009284 0.006519 0.018537 0.012267
123 0.631310 0.501972 0.737381 0.048862
123 0.369437 0.278786 0.735163 0.040741
121 0.937612 0.996169 0.093592 0.006522
121 0.971163 0.252381 0.057674 0.082859
26 0.009555 0.760866 0.019109 0.015256
26 0.854081 0.955708 0.022683 0.023483
121 0.947915 0.913745 0.103378 0.069601
26 0.013228 0.419188 0.026176 0.016153
26 0.009172 0.009269 0.018343 0.017147
123 0.679682 0.392221 0.627574 0.041306
26 0.854198 0.950223 0.022636 0.021620
123 0.631453 0.278094 0.737094 0.039315
123 0.369733 0.614635 0.735067 0.048203
26 0.853986 0.964587 0.022688 0.026942
26 0.013203 0.647411 0.025814 0.013695
26 0.009187 0.581651 0.018373 0.027988
123 0.782641 0.278116 0.434718 0.041532
26 0.009172 0.574414 0.018343 0.025765
26 0.983309 0.011246 0.031833 0.021748
26 0.906329 0.953465 0.031815 0.031160
26 0.906463 0.943780 0.030608 0.023097
123 0.369001 0.391079 0.736394 0.040107
26 0.009138 0.459797 0.018277 0.026407
123 0.462503 0.503276 0.749862 0.044496
24 0.009322 0.019326 0.018114 0.016934
26 0.009163 0.452591 0.018327 0.025385
26 0.975639 0.982825 0.032417 0.026193
26 0.009209 0.351096 0.018417 0.026495
26 0.009150 0.567899 0.018301 0.025638
26 0.009053 0.542290 0.018106 0.020716
123 0.687861 0.740310 0.612923 0.047312
26 0.009149 0.228323 0.018298 0.022116
26 0.009147 0.235683 0.018293 0.023376
26 0.009191 0.689177 0.018381 0.024865
