123 0.387496 0.600407 0.749780 0.056609
123 0.742341 0.380658 0.515318 0.055335
123 0.562473 0.265230 0.749809 0.046792
123 0.463711 0.714407 0.747162 0.055533
123 0.640209 0.369122 0.719583 0.062334
123 0.561663 0.488052 0.747865 0.055787
123 0.827198 0.716996 0.329045 0.055639
26 0.131366 0.338823 0.022965 0.037810
123 0.368622 0.488075 0.737245 0.055270
26 0.507544 0.565016 0.027394 0.034875
123 0.368710 0.713816 0.737421 0.063110
24 0.313996 0.247383 0.021653 0.027047
24 0.720451 0.585572 0.018146 0.020925
26 0.006121 0.743740 0.012204 0.035341
26 0.810427 0.440950 0.022264 0.040676
26 0.530593 0.314666 0.022712 0.033510
87 0.305586 0.565302 0.030039 0.087652
26 0.696763 0.535802 0.019753 0.029725
26 0.810551 0.433035 0.022465 0.047243
