24 0.591707 0.390508 0.027651 0.060252
24 0.798993 0.286037 0.030085 0.042511
24 0.256442 0.285601 0.021020 0.038971
24 0.802086 0.614735 0.024020 0.047716
26 0.414141 0.557564 0.027571 0.047733
53 0.651068 0.173736 0.031004 0.117557
123 0.367066 0.723411 0.734096 0.054719
123 0.587440 0.725795 0.749401 0.056065
24 0.004968 0.289067 0.009900 0.051006
24 0.004533 0.505200 0.009051 0.051409
24 0.796977 0.181719 0.028614 0.042012
24 0.381150 0.388325 0.025567 0.062847
24 0.589778 0.278884 0.027612 0.059621
24 0.797395 0.396608 0.027556 0.043412
123 0.368380 0.610819 0.734922 0.047479
26 0.108677 0.797079 0.050925 0.062962
26 0.357285 0.337167 0.021448 0.033467
26 0.357357 0.314355 0.027427 0.031190
24 0.425306 0.515741 0.021368 0.056197
24 0.592386 0.629748 0.020304 0.037956
24 0.122677 0.269958 0.025114 0.054789
26 0.118399 0.566531 0.024054 0.039129
24 0.003433 0.629443 0.006866 0.042996
26 0.849758 0.167496 0.033306 0.033671
24 0.586678 0.263745 0.021175 0.039260
123 0.512117 0.611370 0.748379 0.045895
84 0.924598 0.611648 0.018515 0.035983
