121 0.927478 0.781675 0.143605 0.051396
123 0.412463 0.390658 0.749688 0.040386
26 0.013071 0.299974 0.025590 0.015486
123 0.387481 0.608844 0.749780 0.042185
123 0.437574 0.279825 0.749290 0.041743
26 0.304837 0.219026 0.028250 0.020197
26 0.009483 0.314648 0.018966 0.016899
121 0.208985 0.787558 0.143375 0.072780
123 0.487449 0.609921 0.749689 0.036859
26 0.303645 0.535401 0.022607 0.022297
26 0.303444 0.530688 0.022613 0.018735
26 0.848227 0.690224 0.022075 0.020516
26 0.303638 0.541251 0.022532 0.024298
26 0.009114 0.686983 0.018228 0.026714
26 0.009126 0.573008 0.018253 0.024865
26 0.013800 0.625653 0.027262 0.015055
26 0.009082 0.679858 0.018163 0.024331
26 0.009045 0.459505 0.018090 0.023605
26 0.013745 0.404530 0.027213 0.015360
26 0.009136 0.894304 0.018271 0.026207
26 0.009075 0.566514 0.018150 0.023589
26 0.009042 0.453336 0.018083 0.023627
26 0.009114 0.887575 0.018227 0.024765
24 0.013031 0.931504 0.025362 0.019357
26 0.137228 0.687593 0.022639 0.026876
26 0.009079 0.673681 0.018157 0.024682
26 0.009090 0.817987 0.018179 0.023292
26 0.009087 0.805438 0.018173 0.023081
26 0.009089 0.799260 0.018178 0.023129
26 0.009085 0.811949 0.018170 0.023143
26 0.217660 0.630389 0.019544 0.013575
26 0.009062 0.467263 0.018124 0.025819
26 0.009086 0.830733 0.018173 0.023610
26 0.928038 0.637110 0.019793 0.013486
26 0.009086 0.824516 0.018171 0.023326
26 0.307079 0.521037 0.030864 0.022442
26 0.009084 0.239439 0.018169 0.023767
26 0.005541 0.329180 0.011083 0.019856
26 0.009089 0.793078 0.018179 0.023303
