123 0.437514 0.618923 0.749520 0.042400
123 0.487404 0.733246 0.749686 0.046888
123 0.537328 0.621623 0.749409 0.042035
123 0.387446 0.398529 0.749751 0.045382
123 0.514399 0.285174 0.745741 0.046850
26 0.292383 0.335299 0.019815 0.022871
26 0.292364 0.331269 0.019733 0.022020
123 0.612373 0.733544 0.749643 0.050855
123 0.437501 0.512576 0.749570 0.048798
24 0.006263 0.207733 0.012526 0.026694
26 0.010518 0.531047 0.021035 0.022850
24 0.005158 0.202668 0.010315 0.027387
123 0.631923 0.399897 0.736154 0.041588
24 0.007297 0.569961 0.014593 0.022656
26 0.292402 0.434157 0.019919 0.019188
26 0.007663 0.350818 0.015325 0.026102
26 0.292290 0.344953 0.019767 0.028263
26 0.292090 0.442177 0.019658 0.021976
26 0.286417 0.126221 0.024061 0.025597
123 0.387502 0.283845 0.749840 0.046736
26 0.373841 0.550764 0.035980 0.031303
26 0.007657 0.345684 0.015315 0.029745
