123 0.613810 0.396474 0.746750 0.050830
123 0.612924 0.512696 0.748608 0.053161
26 0.005228 0.008501 0.010456 0.015907
123 0.587454 0.614409 0.749315 0.043194
26 0.985687 0.011125 0.028625 0.020734
123 0.437596 0.504904 0.749670 0.052381
121 0.213568 0.102182 0.130568 0.075898
26 0.154571 0.310949 0.024934 0.020223
123 0.587604 0.280127 0.749532 0.042857
26 0.008426 0.467605 0.016852 0.023412
84 0.261298 0.006805 0.023506 0.012745
26 0.006880 0.991022 0.013667 0.017352
26 0.984584 0.765208 0.030006 0.025127
26 0.155814 0.544405 0.024141 0.034192
24 0.005331 0.560814 0.010663 0.024094
26 0.984358 0.772958 0.030887 0.025687
