7 0.140597 0.422857 0.207164 0.365714
123 0.558475 0.360346 0.711418 0.060880
123 0.847429 0.128289 0.304851 0.053710
123 0.462222 0.427229 0.749125 0.058974
123 0.543601 0.360716 0.495165 0.062488
123 0.430890 0.495941 0.611284 0.056438
26 0.084612 0.291464 0.035656 0.028967
121 0.814792 0.252640 0.093835 0.060127
121 0.698811 0.222564 0.096268 0.124206
123 0.356185 0.570734 0.712371 0.058846
123 0.356162 0.640867 0.712325 0.052286
121 0.663756 0.680037 0.085022 0.114894
26 0.010359 0.611924 0.020717 0.036254
123 0.487461 0.640230 0.749500 0.050613
123 0.376421 0.430451 0.721725 0.073330
123 0.632577 0.497014 0.734846 0.056126
