26 0.274141 0.400172 0.029746 0.020423
123 0.562469 0.717139 0.749761 0.053210
26 0.007476 0.010696 0.014890 0.020624
123 0.348176 0.371050 0.677283 0.044696
26 0.744967 0.979422 0.023037 0.030675
123 0.537535 0.254957 0.749728 0.048419
123 0.679284 0.372451 0.626745 0.042927
123 0.788331 0.255751 0.414567 0.053078
121 0.805211 0.807814 0.094458 0.063644
26 0.298595 0.825072 0.027445 0.026236
123 0.681774 0.253881 0.636452 0.051135
123 0.537542 0.372805 0.749553 0.046355
26 0.511720 0.898701 0.027465 0.026945
26 0.739940 0.978875 0.033266 0.029079
26 0.366515 0.875571 0.025477 0.033011
26 0.007212 0.191543 0.014424 0.025740
26 0.007481 0.645675 0.014963 0.029717
123 0.631282 0.487098 0.737436 0.058552
26 0.360264 0.902825 0.030199 0.040706
26 0.511915 0.904743 0.027279 0.037250
26 0.729836 0.979077 0.052817 0.032119
123 0.631310 0.601678 0.737380 0.049189
26 0.839771 0.400141 0.031344 0.027451
123 0.719816 0.486950 0.557381 0.052257
26 0.007185 0.197991 0.014370 0.025171
26 0.007439 0.015619 0.014775 0.029008
26 0.007201 0.184960 0.014402 0.026307
26 0.007294 0.656877 0.014588 0.033976
26 0.007285 0.318546 0.014570 0.029308
26 0.007333 0.312641 0.014665 0.027776
26 0.007165 0.168276 0.014329 0.025670
123 0.328915 0.257378 0.656813 0.041838
26 0.007271 0.774273 0.014541 0.028055
26 0.007341 0.768104 0.014681 0.027431
26 0.007206 0.858898 0.014412 0.025159
26 0.007208 0.867261 0.014416 0.025681
26 0.009612 0.446408 0.019225 0.034684
26 0.669153 0.406461 0.023789 0.031858
26 0.508009 0.918426 0.023603 0.029853
26 0.309019 0.870504 0.045619 0.023773
26 0.361366 0.914514 0.031752 0.051501
123 0.243873 0.594558 0.483555 0.053878
26 0.007171 0.175998 0.014342 0.025676
26 0.007214 0.849969 0.014429 0.025040
26 0.007221 0.875588 0.014441 0.025708
26 0.007171 0.159863 0.014342 0.025569
26 0.510012 0.911247 0.026817 0.037431
26 0.007220 0.841989 0.014439 0.025320
26 0.007245 0.890995 0.014490 0.025983
121 0.163447 0.613301 0.103089 0.016473
26 0.565673 0.882569 0.026403 0.023635
26 0.007172 0.151295 0.014344 0.025104
26 0.009639 0.437240 0.019279 0.032157
26 0.007244 0.883042 0.014488 0.025504
