123 0.476305 0.711166 0.726963 0.056780
123 0.686981 0.379075 0.626038 0.046043
123 0.806059 0.716696 0.387881 0.061736
123 0.862567 0.601975 0.274865 0.045295
123 0.355975 0.598025 0.711270 0.050411
26 0.522588 0.210062 0.029873 0.046006
24 0.004335 0.799711 0.008669 0.033815
26 0.517129 0.289584 0.024621 0.030213
121 0.268482 0.545126 0.166095 0.041006
123 0.631389 0.266066 0.737221 0.056481
123 0.656855 0.714571 0.686290 0.061535
123 0.764064 0.383607 0.471872 0.055662
26 0.646902 0.445859 0.025213 0.041142
26 0.908697 0.432300 0.037104 0.037940
121 0.264395 0.871529 0.169487 0.072056
123 0.462911 0.599833 0.748865 0.050390
123 0.388706 0.264373 0.747487 0.054169
24 0.005412 0.243550 0.010823 0.030418
123 0.464218 0.485408 0.745086 0.050691
26 0.647784 0.430886 0.023988 0.049572
26 0.648200 0.420768 0.023285 0.044920
121 0.155493 0.971465 0.070095 0.057069
26 0.761869 0.550878 0.027366 0.042596
26 0.648302 0.343705 0.022529 0.052152
24 0.756256 0.596550 0.033609 0.047484
26 0.648614 0.303974 0.021844 0.034882
26 0.648842 0.324078 0.021556 0.037944
26 0.645755 0.767848 0.015385 0.031696
