123 0.492911 0.610574 0.981418 0.041679
123 0.487586 0.386435 0.963063 0.040034
123 0.500825 0.724632 0.998027 0.037432
123 0.392838 0.499744 0.780317 0.039255
26 0.701426 0.440378 0.042182 0.024554
26 0.324767 0.308309 0.042566 0.015261
26 0.324628 0.321522 0.041332 0.022912
26 0.701510 0.447565 0.042002 0.026322
26 0.324684 0.327595 0.041053 0.023678
26 0.701517 0.308146 0.042156 0.018896
26 0.701468 0.434702 0.042232 0.023446
26 0.701487 0.459319 0.041874 0.037750
26 0.701356 0.429141 0.041883 0.020052
26 0.324845 0.560663 0.040634 0.025742
26 0.324747 0.337351 0.040970 0.029040
26 0.324525 0.315600 0.041882 0.022671
26 0.701331 0.334888 0.042137 0.024042
26 0.701255 0.327280 0.042218 0.023352
26 0.701311 0.321691 0.042328 0.023830
26 0.701436 0.343709 0.042114 0.030918
26 0.325167 0.440498 0.041198 0.024084
26 0.324960 0.552900 0.040685 0.021367
26 0.701389 0.232332 0.043366 0.028512
26 0.324738 0.573380 0.040762 0.025973
26 0.324764 0.347174 0.042026 0.025426
26 0.701427 0.316100 0.042461 0.023588
123 0.587070 0.269337 0.825860 0.045161
26 0.325332 0.446601 0.041244 0.024147
26 0.701590 0.239674 0.042860 0.035431
26 0.322829 0.646284 0.044616 0.017310
26 0.325379 0.545654 0.040726 0.015361
123 0.644845 0.274597 0.707010 0.033856
26 0.325128 0.434300 0.041339 0.023221
26 0.700936 0.420731 0.040619 0.021070
26 0.324640 0.304936 0.043733 0.019831
