121 0.550182 0.034872 0.141735 0.069744
26 0.403802 0.007458 0.040013 0.014881
121 0.265334 0.108082 0.193226 0.112868
26 0.017884 0.436190 0.034226 0.017134
123 0.483946 0.734990 0.960891 0.042981
24 0.017785 0.336229 0.033793 0.017614
26 0.018150 0.549648 0.034582 0.015491
26 0.409405 0.021737 0.028628 0.022073
24 0.014507 0.994605 0.028142 0.010669
123 0.533756 0.513783 0.932487 0.045636
26 0.409528 0.033501 0.028709 0.021884
0 0.984575 0.162597 0.030850 0.318542
121 0.288059 0.101027 0.184054 0.091907
26 0.409377 0.029316 0.028581 0.025006
26 0.013454 0.966226 0.026658 0.017099
26 0.400241 0.089830 0.029023 0.020543
26 0.409572 0.017775 0.027926 0.018471
24 0.013814 0.991909 0.026664 0.012833
26 0.013376 0.960125 0.026618 0.017875
26 0.013456 0.979080 0.026460 0.015825
26 0.016873 0.325190 0.033585 0.020137
24 0.016560 0.263978 0.033121 0.023084
26 0.013344 0.954445 0.026554 0.018228
26 0.013496 0.972947 0.026561 0.016794
26 0.012477 0.707823 0.024888 0.019182
121 0.324330 0.087454 0.181185 0.065133
26 0.400083 0.098698 0.029501 0.026863
53 0.563307 0.674690 0.034136 0.037089
26 0.013359 0.948095 0.026555 0.018541
