123 0.396108 0.593938 0.608443 0.055125
123 0.487330 0.483979 0.748861 0.060708
123 0.487500 0.708357 0.749725 0.075505
123 0.512192 0.373876 0.748738 0.064168
123 0.368630 0.261441 0.737260 0.056921
121 0.524279 0.888350 0.079310 0.113495
123 0.368934 0.709337 0.736975 0.070458
123 0.249026 0.597685 0.485201 0.053061
24 0.006633 0.395004 0.013265 0.108844
123 0.562606 0.260088 0.749211 0.070704
26 0.963304 0.020464 0.033038 0.040496
26 0.552951 0.978953 0.030407 0.042093
24 0.006032 0.371473 0.012064 0.074422
24 0.648917 0.390421 0.028679 0.075010
26 0.963286 0.014605 0.033217 0.028406
26 0.140700 0.417614 0.034125 0.039261
26 0.351120 0.435608 0.030075 0.040241
26 0.554764 0.969922 0.029689 0.060156
24 0.409041 0.473779 0.023474 0.047289
26 0.136393 0.421095 0.026550 0.032496
26 0.137163 0.443796 0.031624 0.039211
123 0.609538 0.590536 0.631453 0.061569
