123 0.269294 0.493083 0.537892 0.040837
24 0.158016 0.284503 0.024929 0.035533
123 0.537542 0.492749 0.749322 0.046990
123 0.487850 0.271190 0.748984 0.042027
123 0.368478 0.603430 0.736957 0.037219
26 0.205126 0.654158 0.030062 0.042763
123 0.386725 0.492459 0.747732 0.045253
24 0.588262 0.607296 0.029648 0.050975
123 0.631288 0.381440 0.737424 0.049796
123 0.387468 0.383030 0.749774 0.048769
26 0.479506 0.530937 0.023231 0.034887
123 0.512519 0.383134 0.749767 0.053169
26 0.474401 0.550723 0.024426 0.028746
26 0.007431 0.210293 0.014862 0.031885
26 0.201581 0.648357 0.022844 0.032443
24 0.157183 0.389429 0.025731 0.047881
26 0.007323 0.202499 0.014646 0.032839
26 0.007626 0.017791 0.015188 0.032797
26 0.864149 0.419115 0.041331 0.040511
26 0.007292 0.137517 0.014585 0.031695
26 0.007292 0.127022 0.014584 0.031911
24 0.159096 0.497426 0.028673 0.040211
26 0.105299 0.723916 0.022598 0.022095
26 0.007301 0.147660 0.014602 0.031361
26 0.009512 0.547235 0.019025 0.037704
84 0.730913 0.711723 0.019028 0.032262
26 0.009461 0.453207 0.018923 0.041059
26 0.007282 0.192458 0.014565 0.035052
26 0.007305 0.159441 0.014609 0.032398
26 0.007307 0.169601 0.014615 0.033064
