123 0.487581 0.727025 0.749567 0.054898
123 0.612940 0.727880 0.748796 0.053287
24 0.710037 0.615382 0.026912 0.052023
24 0.709538 0.518496 0.028567 0.041995
26 0.379668 0.454845 0.031390 0.046583
123 0.460438 0.263096 0.742891 0.053744
123 0.487225 0.611286 0.749106 0.051377
24 0.710884 0.770432 0.022629 0.047359
26 0.369681 0.424873 0.015978 0.033234
24 0.982859 0.277126 0.026014 0.051469
121 0.316428 0.811145 0.125515 0.025401
24 0.376289 0.617359 0.028815 0.065643
26 0.985433 0.427707 0.019379 0.044277
26 0.382906 0.423242 0.042032 0.037304
26 0.377828 0.461231 0.030979 0.046506
24 0.078419 0.517837 0.027320 0.036690
26 0.985697 0.435658 0.018984 0.049444
26 0.818576 0.459171 0.028733 0.044595
24 0.375840 0.510849 0.027879 0.083114
24 0.604143 0.262795 0.016466 0.032183
26 0.375574 0.422316 0.027749 0.037320
134 0.412534 0.383689 0.749808 0.055980
24 0.258051 0.566764 0.022772 0.069277
