123 0.464332 0.414665 0.745936 0.049700
123 0.369190 0.523422 0.735723 0.042762
26 0.104137 0.546165 0.021779 0.019757
123 0.356158 0.304174 0.712316 0.047440
26 0.104764 0.456889 0.020568 0.020532
121 0.595579 0.747780 0.733731 0.035598
84 0.234503 0.007094 0.022432 0.013165
84 0.234472 0.010132 0.022104 0.019085
26 0.241607 0.950508 0.023518 0.031766
26 0.104207 0.483555 0.020775 0.033146
121 0.729602 0.812972 0.507495 0.075077
26 0.241410 0.943070 0.023200 0.034184
26 0.241387 0.932701 0.022913 0.031751
123 0.541670 0.633870 0.639197 0.042225
26 0.241795 0.957407 0.024267 0.027879
26 0.104359 0.466908 0.020499 0.031515
24 0.234467 0.263893 0.020907 0.034827
26 0.007289 0.236643 0.014524 0.022989
123 0.681303 0.750915 0.637395 0.041307
26 0.604461 0.264011 0.018542 0.026210
26 0.239520 0.564113 0.020049 0.025272
123 0.281165 0.413048 0.562027 0.049054
53 0.792492 0.451429 0.036003 0.069272
26 0.866940 0.481497 0.050663 0.026827
26 0.868805 0.496931 0.045008 0.032154
26 0.241937 0.974080 0.025178 0.036775
121 0.078874 0.221884 0.155074 0.055015
26 0.239684 0.786040 0.018929 0.028442
53 0.551082 0.345649 0.046155 0.066597
123 0.487463 0.305231 0.749760 0.046000
26 0.104159 0.476620 0.020383 0.037883
