123 0.369057 0.603920 0.734833 0.048916
80 0.763688 0.986129 0.030147 0.026173
26 0.005995 0.991558 0.011979 0.015817
123 0.387527 0.491682 0.749728 0.040230
123 0.612460 0.492134 0.749706 0.040321
123 0.487575 0.377048 0.749593 0.045022
26 0.010114 0.567897 0.020229 0.024575
26 0.009793 0.673562 0.019585 0.025920
26 0.010727 0.463044 0.021455 0.024136
123 0.612498 0.377297 0.749712 0.042736
80 0.577600 0.983213 0.033534 0.031698
26 0.009921 0.667137 0.019842 0.026173
26 0.010704 0.345664 0.021409 0.021227
123 0.412436 0.273755 0.749653 0.065790
26 0.009634 0.679473 0.019267 0.025658
26 0.010135 0.562205 0.020269 0.025457
26 0.010752 0.351433 0.021503 0.020964
26 0.009949 0.661002 0.019897 0.027441
26 0.010054 0.555819 0.020109 0.026290
26 0.009950 0.529571 0.019900 0.022193
26 0.010648 0.457301 0.021297 0.024755
26 0.010462 0.332500 0.020924 0.021795
26 0.010141 0.573712 0.020281 0.023636
26 0.010270 0.444138 0.020541 0.025970
26 0.010002 0.549264 0.020003 0.026826
26 0.010369 0.450364 0.020738 0.025589
26 0.010353 0.326395 0.020705 0.021984
26 0.010575 0.339690 0.021150 0.021249
26 0.010274 0.437547 0.020547 0.025730
26 0.009968 0.542555 0.019936 0.026444
26 0.009439 0.829636 0.018879 0.026107
26 0.010005 0.654457 0.020010 0.028514
26 0.010322 0.320288 0.020644 0.021351
26 0.010586 0.424495 0.021173 0.025098
