123 0.500856 0.607270 0.996592 0.039278
123 0.663729 0.503849 0.652190 0.045092
123 0.497258 0.385986 0.994516 0.044081
123 0.499416 0.720841 0.985971 0.040221
26 0.013771 0.007159 0.027542 0.014150
121 0.325888 0.919170 0.194925 0.065990
123 0.659779 0.387602 0.670227 0.043058
26 0.371473 0.320407 0.033445 0.014009
123 0.523368 0.497271 0.953264 0.040610
123 0.500000 0.274798 1.000000 0.041379
26 0.013818 0.314175 0.026116 0.015054
26 0.013497 0.020939 0.026766 0.018370
24 0.023700 0.413002 0.047400 0.015343
26 0.013868 0.332487 0.026127 0.016920
26 0.013522 0.015860 0.026900 0.015428
26 0.013502 0.322698 0.026520 0.019145
26 0.013534 0.327666 0.026585 0.019626
