84 0.123171 0.624376 0.014371 0.021019
24 0.855245 0.735961 0.018676 0.054686
84 0.160377 0.733887 0.016818 0.029191
26 0.870914 0.479018 0.046341 0.095200
24 0.508289 0.450313 0.023085 0.068748
84 0.013506 0.734874 0.026126 0.029636
24 0.879741 0.507949 0.031119 0.126490
84 0.472357 0.401653 0.016065 0.028497
24 0.755751 0.511180 0.046410 0.127784
84 0.548949 0.736737 0.012699 0.026008
26 0.515708 0.347562 0.029150 0.056853
24 0.884825 0.506679 0.021069 0.124944
26 0.016959 0.467909 0.020993 0.057603
26 0.517341 0.356889 0.039532 0.073269
24 0.217597 0.633542 0.039663 0.057202
26 0.754873 0.462811 0.036942 0.073497
24 0.224152 0.632686 0.028543 0.055430
24 0.526637 0.155584 0.037021 0.067424
24 0.214111 0.790057 0.015095 0.060446
26 0.879653 0.449042 0.016753 0.048145
84 0.871081 0.726909 0.021022 0.030012
24 0.224406 0.706724 0.018657 0.079684
26 0.013321 0.463391 0.025851 0.047286
