84 0.532374 0.281924 0.019950 0.027980
26 0.143513 0.017886 0.013862 0.032960
84 0.314451 0.742786 0.024273 0.019675
84 0.324847 0.400421 0.018043 0.023999
24 0.006053 0.389887 0.012106 0.075799
24 0.103116 0.620902 0.023376 0.081721
84 0.525271 0.398321 0.030045 0.028063
24 0.006625 0.614482 0.013251 0.070034
26 0.119322 0.017888 0.062411 0.033507
24 0.864209 0.731462 0.022086 0.063377
26 0.138472 0.018072 0.023786 0.033741
24 0.103180 0.606039 0.020186 0.052510
24 0.861754 0.506016 0.022545 0.061277
84 0.489141 0.399631 0.016013 0.025459
24 0.888088 0.258229 0.030684 0.051110
53 0.901706 0.624103 0.027660 0.126001
24 0.861862 0.725847 0.017519 0.070145
24 0.728254 0.259380 0.027748 0.049615
26 0.006115 0.292260 0.012226 0.060613
26 0.097583 0.061987 0.018292 0.045538
123 0.437532 0.618820 0.749510 0.046759
24 0.720024 0.257581 0.044494 0.053430
24 0.702253 0.726858 0.018343 0.067506
53 0.738290 0.629323 0.023002 0.117444
26 0.098249 0.247564 0.056758 0.093759
24 0.702221 0.507117 0.019819 0.056576
24 0.006139 0.741256 0.012252 0.075485
84 0.362831 0.618745 0.043088 0.033735
