123 0.367926 0.737909 0.734471 0.044881
123 0.631337 0.742548 0.737261 0.068335
26 0.009055 0.009935 0.018109 0.018870
123 0.368700 0.524416 0.737400 0.055922
26 0.673597 0.988504 0.033032 0.022264
123 0.612514 0.633459 0.749545 0.057526
123 0.407540 0.630933 0.709243 0.048647
26 0.576168 0.988763 0.042207 0.021971
121 0.236331 0.173933 0.074397 0.078702
123 0.612479 0.300572 0.749805 0.053987
26 0.008838 0.985094 0.017645 0.028382
123 0.462869 0.409994 0.748928 0.047788
26 0.008787 0.491025 0.017575 0.043289
26 0.008879 0.015085 0.017759 0.027733
121 0.602758 0.968244 0.088315 0.046454
123 0.462601 0.737633 0.749533 0.050450
26 0.008871 0.599874 0.017742 0.047313
26 0.615240 0.375477 0.032353 0.028342
26 0.266738 0.233947 0.021289 0.029794
26 0.008717 0.347332 0.017417 0.028922
123 0.631076 0.404406 0.736846 0.055481
26 0.008750 0.031753 0.017487 0.024135
26 0.008773 0.453389 0.017541 0.028738
121 0.234611 0.210845 0.089270 0.044213
26 0.008841 0.213305 0.017682 0.033397
26 0.008725 0.362944 0.017450 0.032573
24 0.622348 0.401376 0.045514 0.038939
