123 0.709064 0.389005 0.568894 0.045223
123 0.604739 0.388639 0.551191 0.046412
123 0.325714 0.609131 0.651428 0.050868
26 0.261111 0.310400 0.016314 0.024452
24 0.523728 0.503441 0.030659 0.054725
24 0.525859 0.611617 0.028331 0.056881
24 0.075651 0.517141 0.021602 0.049202
123 0.612469 0.715170 0.749769 0.065033
24 0.072032 0.405287 0.026999 0.042064
123 0.349052 0.392110 0.698105 0.046062
26 0.460556 0.548536 0.026215 0.061899
53 0.809867 0.298831 0.035476 0.108480
24 0.757942 0.516826 0.025571 0.029982
24 0.456645 0.267817 0.026423 0.044910
84 0.456965 0.013263 0.019117 0.025082
123 0.680296 0.605046 0.542985 0.048247
123 0.355881 0.279693 0.711624 0.039155
24 0.756622 0.377233 0.021029 0.037128
26 0.261197 0.305565 0.016510 0.030543
26 0.119616 0.232614 0.021883 0.034737
123 0.672572 0.280194 0.653033 0.036720
24 0.758018 0.506600 0.026554 0.048254
24 0.010554 0.289526 0.021108 0.067608
121 0.785696 0.245091 0.073294 0.070900
