123 0.612596 0.734458 0.749530 0.059380
123 0.430191 0.513887 0.688137 0.044286
123 0.537561 0.625752 0.749548 0.053677
123 0.300095 0.512149 0.599104 0.045027
26 0.987171 0.010614 0.025621 0.021228
123 0.487366 0.734041 0.749566 0.060768
123 0.304378 0.401288 0.602627 0.047686
26 0.541974 0.553499 0.020500 0.025408
26 0.385203 0.651698 0.032910 0.019720
26 0.539389 0.652495 0.034490 0.020960
26 0.541240 0.672315 0.023336 0.035568
123 0.425534 0.622000 0.673631 0.052719
26 0.004341 0.779083 0.008682 0.024483
26 0.685897 0.550124 0.024680 0.029438
121 0.579569 0.185434 0.082859 0.072132
24 0.539577 0.301850 0.027086 0.026490
26 0.685528 0.687388 0.023797 0.039106
26 0.386587 0.677723 0.021614 0.036686
24 0.685531 0.588209 0.025065 0.062026
26 0.387289 0.670983 0.022500 0.031739
121 0.575929 0.358542 0.096261 0.049683
123 0.318861 0.289698 0.630857 0.044462
24 0.984883 0.951573 0.020226 0.032494
26 0.385904 0.687849 0.022544 0.041931
24 0.541938 0.338840 0.019475 0.039149
26 0.387791 0.552195 0.024798 0.034557
26 0.541693 0.560731 0.020307 0.042878
24 0.538509 0.701144 0.026465 0.031775
86 0.007984 0.534778 0.015967 0.102727
26 0.685483 0.694620 0.023875 0.036900
26 0.830630 0.664274 0.021212 0.030199
26 0.685617 0.678115 0.023984 0.039587
