123 0.367803 0.275650 0.735605 0.054743
123 0.387411 0.720669 0.749514 0.072015
121 0.741745 0.034872 0.181113 0.068173
123 0.512779 0.277578 0.748983 0.056088
123 0.424717 0.391461 0.567240 0.052986
123 0.367474 0.606987 0.733494 0.056067
26 0.344801 0.455412 0.026495 0.085462
123 0.512424 0.722322 0.749689 0.077953
26 0.419015 0.686706 0.028880 0.086938
26 0.419457 0.673045 0.027822 0.053098
24 0.592189 0.729603 0.032602 0.067752
24 0.378799 0.489387 0.022161 0.058037
24 0.801425 0.604936 0.017955 0.050952
24 0.240759 0.397111 0.028502 0.051112
24 0.865809 0.611150 0.026646 0.049883
26 0.007914 0.327593 0.015829 0.048278
