123 0.537469 0.280594 0.749835 0.052286
123 0.587551 0.390588 0.749445 0.046362
123 0.634856 0.506843 0.730287 0.040758
123 0.368631 0.613019 0.737263 0.049827
26 0.010122 0.006815 0.020245 0.013587
123 0.387483 0.730528 0.749700 0.052681
26 0.009597 0.577005 0.019195 0.024314
26 0.289008 0.329757 0.027797 0.029895
26 0.009877 0.339936 0.019754 0.024289
26 0.289271 0.324163 0.027378 0.028075
26 0.009491 0.683391 0.018982 0.023170
123 0.513500 0.504394 0.747614 0.037875
26 0.009629 0.671366 0.019258 0.024951
26 0.009526 0.677658 0.019051 0.023703
26 0.009925 0.208213 0.019851 0.021450
123 0.632148 0.733021 0.732749 0.037087
26 0.009598 0.571584 0.019196 0.024359
26 0.010040 0.333844 0.020081 0.024646
26 0.009687 0.666424 0.019375 0.025659
26 0.010051 0.202540 0.020102 0.022141
26 0.009748 0.653399 0.019497 0.022649
26 0.010102 0.328192 0.020203 0.025671
26 0.009734 0.463726 0.019468 0.025445
26 0.287346 0.660006 0.030459 0.027410
26 0.009818 0.215211 0.019636 0.021714
26 0.010058 0.196613 0.020115 0.022416
26 0.010352 0.021008 0.020703 0.018829
26 0.010259 0.034741 0.020519 0.019599
26 0.010073 0.315608 0.020146 0.023679
26 0.010029 0.190440 0.020058 0.022213
26 0.010273 0.040790 0.020546 0.020471
26 0.010125 0.109078 0.020250 0.021864
26 0.010134 0.065681 0.020269 0.020994
26 0.287706 0.654477 0.029957 0.027288
26 0.009992 0.158842 0.019983 0.022156
123 0.512544 0.731991 0.749494 0.040865
26 0.010119 0.121667 0.020238 0.021800
26 0.009964 0.171471 0.019929 0.021880
26 0.010128 0.071938 0.020255 0.020936
26 0.009744 0.659866 0.019489 0.024558
26 0.009674 0.565418 0.019347 0.025491
26 0.285400 0.541458 0.021429 0.020769
26 0.010134 0.078155 0.020269 0.020945
26 0.010113 0.127881 0.020227 0.021769
26 0.010263 0.047085 0.020526 0.021190
26 0.010100 0.140317 0.020201 0.021848
26 0.010148 0.096587 0.020297 0.021330
26 0.010109 0.115532 0.020217 0.021680
26 0.009975 0.184147 0.019951 0.021856
26 0.010171 0.059532 0.020343 0.021607
26 0.010256 0.028810 0.020511 0.018731
26 0.010135 0.084298 0.020269 0.020964
26 0.010139 0.090625 0.020279 0.021285
26 0.010085 0.146504 0.020170 0.021831
26 0.010105 0.134159 0.020210 0.021747
26 0.009959 0.177766 0.019918 0.021790
26 0.010229 0.053059 0.020459 0.021432
26 0.009960 0.165224 0.019920 0.021949
26 0.287161 0.667226 0.030746 0.027627
26 0.010040 0.152715 0.020079 0.022106
123 0.642253 0.281285 0.709194 0.047487
26 0.009729 0.346947 0.019458 0.023965
26 0.010136 0.103071 0.020271 0.021725
26 0.010114 0.322521 0.020228 0.025351
