24 0.007214 0.729802 0.014257 0.075102
85 0.417022 0.978049 0.043177 0.043272
84 0.453604 0.276942 0.019962 0.024819
26 0.237814 0.941429 0.056214 0.075131
24 0.430012 0.483947 0.018409 0.060388
26 0.236735 0.364943 0.051602 0.088922
24 0.421523 0.266674 0.021164 0.037125
26 0.106968 0.364059 0.048107 0.084414
24 0.548258 0.504194 0.014757 0.039641
24 0.006386 0.516994 0.012771 0.069312
24 0.008292 0.405808 0.016585 0.079089
24 0.418583 0.703722 0.017308 0.047438
84 0.182082 0.281101 0.026831 0.029976
