123 0.410861 0.412072 0.765508 0.044221
123 0.513722 0.629844 0.764420 0.037924
26 0.985854 0.006604 0.026147 0.013208
123 0.513024 0.738020 0.765533 0.040621
26 0.010764 0.542285 0.021527 0.017719
26 0.010748 0.430240 0.021496 0.019273
26 0.148408 0.557449 0.023603 0.017083
26 0.308600 0.327406 0.032102 0.015808
26 0.148658 0.670464 0.022679 0.016600
26 0.989734 0.994790 0.019332 0.010419
26 0.148569 0.571878 0.022667 0.024435
26 0.148653 0.680525 0.022058 0.021030
26 0.148550 0.565174 0.022973 0.023358
123 0.389762 0.739071 0.757292 0.042069
26 0.303509 0.326756 0.042643 0.016420
