5 0.054932 0.508230 0.084473 0.621399
26 0.815327 0.684304 0.032164 0.076002
26 0.254583 0.684192 0.031829 0.076667
26 0.534918 0.684253 0.031577 0.075974
87 0.351760 0.514371 0.024719 0.129359
69 0.155711 0.467215 0.028307 0.214138
87 0.912953 0.513438 0.023908 0.127777
87 0.632668 0.514423 0.023737 0.129126
86 0.913295 0.514048 0.023207 0.128056
86 0.633095 0.514325 0.022776 0.129527
71 0.253335 0.775645 0.045199 0.068148
71 0.815868 0.775779 0.045291 0.068416
49 0.559620 0.546670 0.023357 0.210768
