8 0.057617 0.475309 0.081055 0.308642
87 0.351752 0.512908 0.024671 0.126621
87 0.632512 0.513005 0.024164 0.126523
87 0.912602 0.512646 0.024479 0.126936
26 0.253948 0.533871 0.030166 0.073105
24 0.254606 0.790858 0.032345 0.076647
24 0.535478 0.286359 0.032293 0.074831
26 0.815691 0.536532 0.031869 0.075382
26 0.535596 0.536699 0.030427 0.075610
70 0.815928 0.195924 0.045243 0.068849
70 0.533765 0.195786 0.045126 0.068414
24 0.814313 0.286017 0.035013 0.076594
86 0.632914 0.513137 0.023345 0.126586
86 0.913190 0.513148 0.023527 0.126125
1 0.253879 0.719334 0.049166 0.011158
134 0.537496 0.505575 0.749830 0.214527
1 0.256783 0.790614 0.042794 0.012457
53 0.535645 0.663275 0.029128 0.193053
