7 0.066650 0.441015 0.093262 0.341564
24 0.254449 0.919119 0.033718 0.075773
24 0.254693 0.147321 0.032962 0.075509
24 0.915040 0.918352 0.035089 0.074919
24 0.355176 0.919482 0.032648 0.076199
24 0.916198 0.147097 0.032043 0.075342
24 0.355732 0.147420 0.031157 0.075501
24 0.634512 0.919233 0.034625 0.074878
24 0.636249 0.147721 0.031323 0.074864
59 0.216275 0.109223 0.023214 0.178154
24 0.815803 0.147368 0.031734 0.075035
24 0.814662 0.916755 0.035235 0.071755
59 0.216252 0.881460 0.023362 0.177810
120 0.149236 0.862998 0.099833 0.045590
24 0.915940 0.908394 0.032560 0.055055
120 0.149445 0.089706 0.099413 0.046872
1 0.355539 0.217767 0.048890 0.014136
