6 0.060303 0.583969 0.093262 0.413740
24 0.537957 0.502969 0.028509 0.076410
24 0.407100 0.502868 0.027739 0.076329
59 0.824990 0.321365 0.019810 0.175943
26 0.341908 0.321592 0.029132 0.075749
26 0.537356 0.320737 0.029093 0.074074
24 0.342600 0.502740 0.027452 0.076559
26 0.406351 0.320022 0.028713 0.072694
26 0.789835 0.321407 0.028781 0.074466
26 0.210723 0.320761 0.028942 0.073727
24 0.211167 0.502870 0.027927 0.076356
26 0.723473 0.320601 0.028949 0.073610
26 0.471308 0.320545 0.028866 0.073358
24 0.723812 0.502884 0.028177 0.076509
26 0.936380 0.535494 0.028867 0.078886
24 0.790610 0.502860 0.027279 0.076279
26 0.658580 0.320755 0.028847 0.074594
24 0.659255 0.502754 0.027550 0.076245
24 0.859363 0.359521 0.029940 0.076289
26 0.860183 0.534655 0.027715 0.077293
24 0.471704 0.502840 0.027826 0.076321
121 0.328485 0.007260 0.263798 0.014520
24 0.936464 0.359261 0.029013 0.077526
121 0.650315 0.007188 0.254312 0.014375
134 0.562500 0.579903 0.749781 0.338409
1 0.537107 0.359648 0.042286 0.008652
1 0.472034 0.359618 0.042849 0.008708
1 0.211969 0.358294 0.042131 0.011228
1 0.724757 0.358384 0.042328 0.011283
1 0.341630 0.358444 0.042885 0.011101
1 0.407462 0.359645 0.042228 0.008663
1 0.857010 0.359388 0.034828 0.009550
1 0.406423 0.357976 0.043251 0.010784
1 0.788783 0.358213 0.042762 0.012422
1 0.658862 0.359048 0.044191 0.009899
1 0.471358 0.357921 0.043069 0.011763
