6 0.057617 0.506107 0.093750 0.389313
24 0.508119 0.503569 0.027652 0.076042
26 0.537632 0.465716 0.028720 0.077877
24 0.443130 0.503333 0.027403 0.076616
24 0.311972 0.502877 0.027054 0.075448
26 0.210934 0.465876 0.028268 0.078053
26 0.859074 0.538699 0.028216 0.077083
26 0.936142 0.539065 0.029233 0.076637
26 0.406649 0.466077 0.028385 0.079130
24 0.182769 0.503616 0.027615 0.076613
24 0.378250 0.503637 0.027029 0.075860
26 0.341946 0.465769 0.028764 0.077986
24 0.630523 0.503296 0.027470 0.076469
26 0.723689 0.466351 0.028629 0.079222
24 0.695475 0.503568 0.027631 0.076774
26 0.471580 0.465475 0.028395 0.076918
121 0.885014 0.005432 0.080993 0.010864
26 0.658788 0.466221 0.028260 0.078871
26 0.789828 0.465724 0.028537 0.077599
24 0.760072 0.503363 0.027424 0.076237
121 0.910828 0.300722 0.078386 0.029315
59 0.824613 0.501865 0.021234 0.176153
121 0.328783 0.754197 0.264754 0.030476
121 0.649120 0.754563 0.254236 0.030702
134 0.562499 0.506034 0.749762 0.324983
121 0.394430 0.696021 0.129581 0.029125
134 0.487476 0.468838 0.749567 0.238124
