8 0.060547 0.465021 0.090820 0.299040
26 0.815321 0.394833 0.032035 0.074478
70 0.815980 0.308088 0.045103 0.067596
24 0.535255 0.292145 0.032744 0.072698
87 0.351945 0.513891 0.024283 0.127443
70 0.533768 0.195763 0.045135 0.068302
87 0.632783 0.513819 0.023503 0.127501
70 0.253368 0.195768 0.045350 0.068725
87 0.912997 0.513059 0.023643 0.126240
24 0.255108 0.287140 0.033346 0.068899
86 0.913606 0.513846 0.022522 0.125956
86 0.633200 0.513811 0.022527 0.127840
53 0.536828 0.431152 0.026626 0.190172
53 0.256712 0.430658 0.025596 0.189278
86 0.352342 0.514239 0.023318 0.127667
121 0.815854 0.307965 0.044793 0.067480
70 0.533839 0.942267 0.044793 0.069146
