7 0.059082 0.435146 0.090820 0.362622
24 0.254897 0.354978 0.032411 0.076781
26 0.815871 0.391333 0.032455 0.076270
87 0.351728 0.510740 0.024793 0.131266
24 0.535706 0.355425 0.031387 0.076921
87 0.632714 0.511364 0.023794 0.129918
26 0.502680 0.390221 0.031066 0.075378
26 0.255672 0.537364 0.030075 0.077758
26 0.815537 0.468489 0.032276 0.075132
87 0.912833 0.510820 0.024380 0.129403
70 0.533970 0.263619 0.045016 0.068980
70 0.816149 0.301541 0.044990 0.069300
86 0.633152 0.511348 0.022891 0.130505
70 0.253557 0.263846 0.045101 0.070150
53 0.534076 0.545872 0.030596 0.207586
134 0.487604 0.508274 0.749591 0.185011
86 0.913201 0.510845 0.024041 0.129803
