5 0.058838 0.502743 0.089355 0.574760
121 0.248999 0.117381 0.214269 0.124266
26 0.815886 0.251473 0.032325 0.071813
26 0.254883 0.249254 0.031815 0.067761
26 0.355454 0.249972 0.031999 0.070094
121 0.817644 0.926532 0.364711 0.135304
26 0.916155 0.250386 0.032336 0.069801
120 0.248376 0.117202 0.213585 0.122937
26 0.635678 0.248825 0.031506 0.067549
120 0.278915 0.974312 0.150674 0.051377
120 0.817558 0.052373 0.363471 0.104745
121 0.817559 0.053073 0.362948 0.106145
122 0.189673 0.198047 0.086306 0.042748
120 0.189585 0.198290 0.085889 0.043263
15 0.127524 0.393573 0.028150 0.142838
1 0.255455 0.288322 0.046021 0.014779
