5 0.056641 0.495199 0.084961 0.570645
121 0.828722 0.959379 0.337314 0.081241
26 0.254825 0.182062 0.032506 0.072633
121 0.234651 0.056945 0.243044 0.113890
122 0.264713 0.990085 0.132882 0.019831
26 0.815858 0.182729 0.032225 0.072543
26 0.355408 0.181464 0.032048 0.071423
26 0.635691 0.182370 0.031937 0.072843
26 0.916005 0.184272 0.032468 0.075687
120 0.147129 0.125473 0.104693 0.047204
59 0.216121 0.146950 0.023466 0.178279
53 0.634540 0.404007 0.029986 0.206045
122 0.147350 0.125785 0.106068 0.047280
1 0.256318 0.218208 0.043940 0.015017
1 0.355439 0.291466 0.048949 0.014052
1 0.636006 0.062939 0.029654 0.008573
