8 0.059814 0.458162 0.087402 0.290809
24 0.815367 0.647949 0.032335 0.075873
26 0.534883 0.538972 0.031740 0.072445
24 0.254591 0.791205 0.032329 0.075850
87 0.912821 0.513030 0.023987 0.127121
87 0.351920 0.513809 0.024266 0.127629
87 0.632742 0.513824 0.023459 0.128217
86 0.633163 0.513733 0.022469 0.128846
86 0.913360 0.513482 0.023018 0.127139
134 0.562490 0.478237 0.749806 0.266855
71 0.253448 0.882604 0.045169 0.068915
71 0.533888 0.683936 0.044732 0.070512
86 0.352333 0.514118 0.023289 0.127924
71 0.815749 0.738364 0.045242 0.067973
1 0.256802 0.792003 0.042774 0.012610
