6 0.062500 0.508916 0.090820 0.362140
26 0.255178 0.922002 0.032552 0.071236
26 0.254957 0.180029 0.032151 0.068528
26 0.916008 0.181703 0.032239 0.071369
26 0.815855 0.180861 0.032183 0.068733
26 0.815743 0.923907 0.032241 0.076041
26 0.355162 0.180191 0.031544 0.068482
26 0.355509 0.924189 0.032051 0.075171
26 0.915647 0.925265 0.033109 0.078570
26 0.635538 0.181120 0.031616 0.070280
26 0.635460 0.925578 0.032150 0.078232
120 0.165732 0.865606 0.132946 0.049297
1 0.355528 0.292113 0.048988 0.012799
