5 0.055664 0.487654 0.077148 0.561043
120 0.235229 0.917555 0.244155 0.084146
26 0.255443 0.395667 0.030574 0.075935
26 0.356590 0.396046 0.029127 0.076310
121 0.234299 0.115036 0.243502 0.129115
120 0.147260 0.975698 0.104802 0.045423
26 0.636372 0.395539 0.029891 0.075670
120 0.818045 0.896975 0.363910 0.122023
26 0.815358 0.396336 0.032576 0.076562
26 0.915966 0.397001 0.031705 0.073629
26 0.815882 0.251072 0.032340 0.070847
26 0.355435 0.249693 0.032010 0.069398
26 0.254824 0.250258 0.032337 0.070051
26 0.916137 0.250411 0.032345 0.069689
120 0.817555 0.051943 0.363489 0.103886
26 0.635721 0.249200 0.031585 0.068024
53 0.634859 0.545319 0.030482 0.207583
120 0.147359 0.194978 0.104421 0.047342
59 0.216233 0.216114 0.023140 0.177260
121 0.817734 0.052590 0.363209 0.105180
120 0.234565 0.116844 0.242584 0.131415
120 0.162484 0.467397 0.134200 0.053918
134 0.587494 0.453326 0.749790 0.213483
72 0.635962 0.182916 0.009886 0.025561
1 0.256212 0.288287 0.044035 0.014709
121 0.817852 0.896580 0.363442 0.127743
