5 0.050049 0.503053 0.074707 0.630534
69 0.140065 0.469102 0.024698 0.214272
87 0.338200 0.513329 0.022744 0.130574
26 0.210374 0.683424 0.028971 0.079008
26 0.537268 0.683846 0.028363 0.078565
24 0.936164 0.789958 0.029266 0.077095
71 0.858268 0.880799 0.040255 0.068324
24 0.859074 0.790093 0.027989 0.077160
87 0.655395 0.512985 0.021701 0.129279
69 0.114485 0.359264 0.025664 0.212297
71 0.536390 0.774515 0.040087 0.068236
71 0.210922 0.774379 0.040049 0.068498
71 0.936467 0.880127 0.039971 0.066618
134 0.537477 0.532676 0.749763 0.272472
1 0.851441 0.791465 0.030473 0.011986
47 0.559501 0.545667 0.021185 0.212314
49 0.559356 0.545850 0.021267 0.213353
1 0.934314 0.791718 0.038873 0.011515
