7 0.055420 0.436641 0.085449 0.357252
24 0.537778 0.359228 0.028825 0.076348
87 0.338422 0.512473 0.022456 0.128526
24 0.829772 0.429300 0.027459 0.079058
87 0.932911 0.513053 0.022579 0.128837
24 0.210712 0.429180 0.028654 0.078284
26 0.211054 0.538061 0.027884 0.076585
70 0.858305 0.301900 0.040348 0.067650
26 0.859778 0.394958 0.028387 0.074143
26 0.508064 0.394400 0.027633 0.074491
87 0.655312 0.512610 0.021767 0.128511
70 0.210720 0.324829 0.040552 0.070869
134 0.512501 0.503559 0.749743 0.323292
70 0.536363 0.270103 0.040185 0.068805
53 0.859225 0.578713 0.026852 0.203193
53 0.535646 0.543200 0.029656 0.205599
