7 0.055420 0.432061 0.087402 0.357252
70 0.210767 0.221976 0.039983 0.067056
120 0.242144 0.288961 0.065619 0.062425
24 0.537467 0.428200 0.029144 0.076736
24 0.276978 0.358599 0.028780 0.076640
26 0.658482 0.465612 0.028873 0.077811
26 0.341932 0.391843 0.028789 0.077327
24 0.439012 0.428160 0.028495 0.076593
26 0.210661 0.391444 0.028761 0.076918
26 0.859328 0.465490 0.029294 0.077520
122 0.487871 0.397294 0.058972 0.036894
70 0.536548 0.973620 0.040053 0.051528
59 0.625147 0.428497 0.020622 0.176144
70 0.850584 0.990349 0.024960 0.019303
122 0.758812 0.366866 0.192295 0.038281
53 0.659082 0.613053 0.028383 0.205572
122 0.931219 0.541425 0.135079 0.052394
53 0.535200 0.578647 0.030140 0.203150
134 0.512443 0.516365 0.749792 0.296818
122 0.759194 0.359013 0.193623 0.052325
82 0.594650 0.359075 0.014023 0.086139
