65 0.133614 0.539994 0.019524 0.101982
24 0.327499 0.501891 0.023862 0.073309
53 0.394316 0.795467 0.020368 0.189611
24 0.247951 0.426542 0.021181 0.078444
24 0.328356 0.430726 0.025488 0.081013
121 0.242033 0.796249 0.151697 0.111027
121 0.188417 0.821976 0.247557 0.068004
65 0.495637 0.521062 0.019359 0.129714
26 0.079596 0.621255 0.023562 0.057134
24 0.247090 0.587621 0.020030 0.082636
26 0.394344 0.454560 0.023877 0.059956
24 0.217259 0.573567 0.016894 0.071443
24 0.246046 0.507977 0.023790 0.069861
86 0.677530 0.477521 0.015217 0.163265
26 0.079269 0.524678 0.026485 0.071096
