24 0.488807 0.491508 0.024336 0.078151
95 0.019349 0.064069 0.032536 0.128137
24 0.414834 0.563769 0.022391 0.079169
24 0.200373 0.496895 0.023539 0.078031
24 0.272053 0.565885 0.024703 0.077862
24 0.554230 0.564975 0.026154 0.075969
24 0.349157 0.496352 0.025178 0.076594
24 0.053445 0.497328 0.021594 0.078736
26 0.092180 0.525407 0.023679 0.079290
121 0.393624 0.670621 0.101248 0.170076
24 0.125229 0.564818 0.023221 0.081049
123 0.299177 0.835851 0.598354 0.110814
121 0.251998 0.681933 0.098042 0.186819
65 0.381862 0.529496 0.022815 0.086048
123 0.304271 0.031756 0.496070 0.063512
95 0.018864 0.793658 0.037728 0.199879
121 0.518158 0.697743 0.037488 0.072029
26 0.588960 0.599865 0.023498 0.081761
26 0.237227 0.532188 0.022543 0.078958
84 0.521424 0.532290 0.022882 0.070714
65 0.104650 0.415226 0.014404 0.072955
1 0.414639 0.564145 0.030947 0.010803
1 0.156000 0.637976 0.037230 0.011245
84 0.381843 0.530209 0.023032 0.075231
