5 0.034180 0.541396 0.066406 0.550325
65 0.540826 0.515632 0.010223 0.020868
65 0.840609 0.773596 0.010552 0.034065
86 0.605122 0.456750 0.011435 0.114805
40 0.040615 0.013852 0.015809 0.027705
53 0.379372 0.815235 0.019533 0.097686
84 0.030413 0.015370 0.018288 0.029790
24 0.884868 0.804906 0.026727 0.065703
84 0.321352 0.011305 0.040860 0.022610
109 0.899932 0.598782 0.012891 0.220962
24 0.505374 0.813156 0.026539 0.059019
86 0.717572 0.529723 0.017995 0.120052
84 0.852266 0.009530 0.054354 0.018628
84 0.759035 0.650014 0.014060 0.016429
86 0.209677 0.470542 0.017098 0.123503
84 0.467909 0.520898 0.017908 0.027714
84 0.877221 0.802860 0.039260 0.018555
24 0.502133 0.800816 0.021110 0.070440
