26 0.891992 0.842896 0.027799 0.057159
85 0.702677 0.783958 0.040663 0.019955
84 0.630106 0.033049 0.056115 0.028881
26 0.273853 0.845174 0.028729 0.051799
26 0.278280 0.845367 0.020629 0.051408
84 0.217785 0.037358 0.037757 0.031513
26 0.171306 0.871397 0.024924 0.073966
24 0.596478 0.867951 0.030540 0.072857
26 0.691967 0.842890 0.029439 0.054702
26 0.483943 0.829071 0.033371 0.071690
84 0.005213 0.669675 0.010342 0.019673
53 0.133686 0.886895 0.020984 0.113833
24 0.997661 0.037464 0.004679 0.038207
