8 0.105957 0.468864 0.152344 0.291575
26 0.080571 0.089456 0.042464 0.034068
123 0.487462 0.974773 0.749548 0.050455
123 0.562497 0.642381 0.749571 0.071975
123 0.487641 0.362769 0.749306 0.083762
123 0.387483 0.642026 0.749750 0.074184
26 0.715202 0.481203 0.025071 0.041164
123 0.412563 0.356201 0.749742 0.069549
84 0.374645 0.990924 0.018686 0.015504
26 0.715417 0.463676 0.028737 0.030560
84 0.717590 0.992982 0.014091 0.012270
123 0.571176 0.501336 0.441316 0.047054
84 0.117074 0.993896 0.026796 0.010869
