84 0.190186 0.570170 0.020624 0.013491
123 0.630579 0.423690 0.735225 0.025268
24 0.109788 0.423568 0.021437 0.036306
84 0.359258 0.570413 0.023681 0.012971
84 0.457046 0.640391 0.017486 0.014909
24 0.110466 0.497411 0.021604 0.029879
84 0.910856 0.498122 0.021179 0.015808
84 0.486657 0.355138 0.031158 0.013122
84 0.127762 0.640923 0.020275 0.013792
24 0.005977 0.640100 0.011953 0.030338
24 0.420999 0.497957 0.012614 0.021476
84 0.844890 0.498726 0.018787 0.014265
24 0.254179 0.541256 0.030116 0.025974
84 0.811023 0.568514 0.062829 0.015940
26 0.269334 0.482157 0.029651 0.020516
84 0.222705 0.640290 0.025079 0.015568
84 0.939074 0.641674 0.021321 0.012087
84 0.144286 0.569100 0.035972 0.015488
24 0.108613 0.573026 0.017295 0.024491
84 0.561475 0.568116 0.019228 0.016694
24 0.390736 0.422315 0.012962 0.016925
84 0.862223 0.569527 0.017492 0.014056
84 0.453545 0.355895 0.019894 0.016168
24 0.100454 0.652684 0.035265 0.024558
84 0.930257 0.571250 0.011150 0.011095
123 0.656325 0.352736 0.685935 0.029470
