123 0.512134 0.639255 0.749040 0.030477
84 0.201465 0.005017 0.020875 0.009804
26 0.005716 0.519857 0.011433 0.018297
24 0.149688 0.644304 0.024768 0.028174
123 0.437539 0.353922 0.749757 0.031519
26 0.005702 0.449582 0.011404 0.020382
123 0.537474 0.496277 0.749585 0.027493
84 0.841258 0.429527 0.025371 0.013946
26 0.004798 0.537190 0.009597 0.019554
84 0.841243 0.432133 0.025299 0.009463
26 0.107024 0.736751 0.033422 0.018670
84 0.265713 0.319332 0.140138 0.018056
26 0.112003 0.668756 0.018718 0.019416
123 0.437492 0.426315 0.749707 0.025397
123 0.512401 0.569803 0.749518 0.024805
24 0.612173 0.417985 0.015864 0.011543
26 0.004917 0.464535 0.009833 0.019114
84 0.707124 0.429009 0.020289 0.010025
24 0.282890 0.747403 0.025083 0.026285
