123 0.567091 0.648547 0.739315 0.026720
84 0.627669 0.366982 0.023094 0.011594
123 0.463395 0.505375 0.748065 0.029439
84 0.701963 0.368198 0.018888 0.009011
26 0.448203 0.036940 0.025035 0.023822
123 0.437298 0.649706 0.749336 0.026239
84 0.297029 0.652165 0.038732 0.013789
24 0.007603 0.366326 0.015206 0.023073
24 0.484002 0.034534 0.019408 0.019065
84 0.735427 0.366923 0.014721 0.011511
24 0.560518 0.029519 0.020164 0.025178
84 0.388110 0.653130 0.019072 0.012269
26 0.160336 0.177873 0.020090 0.027001
84 0.875213 0.650944 0.026416 0.012043
84 0.759295 0.365668 0.013095 0.014022
123 0.630611 0.437811 0.733530 0.025856
84 0.351016 0.650976 0.025762 0.015992
24 0.505899 0.646612 0.013459 0.018051
26 0.564456 0.061529 0.016993 0.020143
84 0.801082 0.363124 0.046532 0.013663
84 0.909743 0.361823 0.018301 0.015862
84 0.197585 0.651557 0.039570 0.015050
26 0.591933 0.087966 0.020931 0.034260
24 0.730796 0.090986 0.017647 0.026136
84 0.653596 0.647669 0.023098 0.014725
26 0.246816 0.076275 0.019555 0.018802
26 0.372779 0.049539 0.033105 0.041505
84 0.857522 0.578685 0.033960 0.015958
84 0.565853 0.581157 0.021710 0.012823
24 0.408089 0.051570 0.021615 0.031700
84 0.329954 0.577998 0.020405 0.018355
84 0.800714 0.649254 0.053109 0.014958
84 0.709105 0.436971 0.015147 0.015940
84 0.588728 0.437060 0.018214 0.015434
123 0.587456 0.505130 0.749777 0.031959
84 0.295725 0.435859 0.014965 0.017325
26 0.231472 0.048173 0.023329 0.031407
26 0.213883 0.113795 0.028769 0.029468
26 0.159551 0.063088 0.027168 0.023032
26 0.226783 0.060572 0.026094 0.026683
26 0.210586 0.122565 0.029496 0.022179
84 0.349366 0.435519 0.040744 0.018106
