123 0.537478 0.721420 0.749761 0.046337
84 0.151857 0.008007 0.020042 0.016014
26 0.167796 0.777038 0.025181 0.044462
24 0.105886 0.284244 0.028352 0.042437
123 0.462654 0.284576 0.749127 0.034509
26 0.041274 0.969255 0.026791 0.031712
123 0.512499 0.611853 0.749782 0.041950
26 0.008130 0.438522 0.016261 0.040928
84 0.628334 0.392992 0.044184 0.027773
1 0.164680 0.001622 0.040063 0.003244
123 0.462572 0.393838 0.749702 0.037976
121 0.756458 0.086213 0.067388 0.110002
24 0.733260 0.395016 0.021322 0.036010
123 0.387498 0.611299 0.749753 0.039696
84 0.449684 0.398218 0.021637 0.028234
123 0.387490 0.720765 0.749814 0.043938
121 0.760588 0.096569 0.060621 0.084621
26 0.146491 0.827021 0.020265 0.027600
24 0.733161 0.504319 0.021323 0.045118
24 0.008716 0.726287 0.017431 0.061735
84 0.120073 0.501653 0.023273 0.024460
