123 0.500000 0.718265 1.000000 0.037151
123 0.500000 0.604936 1.000000 0.030610
123 0.497170 0.272812 0.992810 0.035112
123 0.502570 0.382992 0.983207 0.033004
26 0.421066 0.341310 0.060031 0.024368
26 0.272486 0.007056 0.049918 0.013996
26 0.847910 0.623426 0.046299 0.013947
26 0.417356 0.577210 0.049639 0.024514
26 0.417091 0.464877 0.049339 0.024685
123 0.499551 0.488943 0.999103 0.043859
26 0.417519 0.448263 0.048486 0.026143
24 0.269318 0.872331 0.054806 0.020136
26 0.417789 0.433850 0.048595 0.022779
26 0.417580 0.439501 0.048581 0.022756
26 0.265979 0.006004 0.059239 0.011921
26 0.417731 0.552338 0.049222 0.024238
26 0.417663 0.560953 0.049104 0.027472
26 0.416824 0.473110 0.049648 0.028206
26 0.417505 0.572846 0.049203 0.025321
26 0.417868 0.547005 0.049475 0.023760
26 0.417513 0.454644 0.048507 0.028591
26 0.417628 0.567063 0.049072 0.028693
26 0.269870 0.232551 0.055091 0.016217
26 0.418246 0.420182 0.048712 0.016656
26 0.418002 0.427721 0.048808 0.021774
26 0.418287 0.540107 0.050122 0.019312
24 0.272670 0.143856 0.069165 0.018819
26 0.961803 0.654955 0.052039 0.021695
26 0.282272 0.295157 0.029572 0.012086
24 0.268767 0.193222 0.056210 0.024064
121 0.862775 0.803215 0.265722 0.064027
134 0.610526 0.489394 0.778948 0.043222
121 0.839097 0.813912 0.287865 0.085125
26 0.253409 0.252151 0.071148 0.021019
26 0.419593 0.531991 0.052940 0.021805
121 0.838999 0.888481 0.308838 0.053933
