123 0.457796 0.582934 0.915591 0.021039
24 0.019134 0.518351 0.036347 0.025241
84 0.201529 0.857795 0.047834 0.014587
26 0.726849 0.378733 0.051373 0.014139
24 0.020054 0.713763 0.037881 0.025122
121 0.313480 0.770910 0.143203 0.040659
24 0.847609 0.377571 0.037510 0.017087
26 0.636167 0.761293 0.064415 0.016440
123 0.479740 0.516774 0.959479 0.019852
121 0.209514 0.362987 0.361303 0.036716
26 0.424983 0.760296 0.061365 0.014102
24 0.018711 0.454123 0.035708 0.019236
26 0.508177 0.517166 0.109827 0.016262
26 0.081007 0.349502 0.069447 0.021390
24 0.397508 0.602908 0.071217 0.020102
24 0.022411 0.370995 0.044166 0.019415
26 0.310650 0.801359 0.077644 0.017711
