84 0.390116 0.509519 0.022710 0.018529
84 0.606175 0.623753 0.020034 0.019750
84 0.163513 0.509008 0.022337 0.019525
123 0.368687 0.393447 0.737374 0.050133
84 0.504578 0.287743 0.015372 0.012477
84 0.017502 0.728746 0.018463 0.020847
84 0.546635 0.283737 0.028731 0.029707
84 0.779342 0.397330 0.036118 0.022433
84 0.751332 0.285233 0.017426 0.017795
24 0.633123 0.613844 0.012714 0.021352
84 0.754582 0.509103 0.028923 0.019155
26 0.226782 0.956228 0.021796 0.033937
84 0.939635 0.743838 0.021849 0.007888
24 0.731160 0.280453 0.014587 0.023432
24 0.205044 0.732982 0.022662 0.041742
123 0.612533 0.282332 0.749744 0.033458
84 0.666165 0.398189 0.022024 0.021487
24 0.205925 0.851011 0.020045 0.042174
84 0.796817 0.509494 0.038803 0.018407
24 0.484713 0.447943 0.016487 0.024815
24 0.703361 0.280198 0.014666 0.022312
84 0.367852 0.280122 0.056899 0.022022
84 0.356016 0.280111 0.072095 0.022533
84 0.251387 0.618282 0.026304 0.021155
84 0.385215 0.616961 0.054844 0.018889
123 0.487533 0.393318 0.749605 0.047199
24 0.209698 0.849220 0.028247 0.045404
84 0.716794 0.742102 0.010111 0.011008
123 0.368697 0.617224 0.737394 0.037816
123 0.487504 0.281482 0.749691 0.031738
84 0.256229 0.507932 0.041396 0.021510
