6 0.103760 0.520818 0.151855 0.376952
123 0.594441 0.504276 0.449288 0.053740
123 0.387497 0.651635 0.749761 0.079028
26 0.071858 0.018500 0.035355 0.036592
26 0.151054 0.472802 0.028645 0.050979
24 0.005023 0.542376 0.010047 0.035511
123 0.556423 0.505918 0.643064 0.049616
123 0.537485 0.653345 0.749794 0.078723
26 0.106813 0.403584 0.031021 0.035812
123 0.373779 0.582500 0.671852 0.063524
123 0.631686 0.583047 0.736628 0.071176
123 0.487610 0.380697 0.749428 0.093072
26 0.102657 0.632859 0.029007 0.056599
26 0.048398 0.560404 0.023241 0.037004
