123 0.352686 0.605764 0.705108 0.041409
24 0.993080 0.404889 0.013839 0.038758
86 0.005899 0.512528 0.011799 0.086536
24 0.004611 0.724171 0.009222 0.049201
84 0.693245 0.387089 0.033504 0.022283
24 0.503575 0.388818 0.026857 0.048914
24 0.167344 0.281844 0.028898 0.044558
24 0.006360 0.610607 0.012689 0.053935
84 0.821836 0.497771 0.026033 0.026213
24 0.504439 0.499164 0.018954 0.051624
24 0.165730 0.394711 0.017854 0.042890
24 0.164935 0.498362 0.019749 0.037825
123 0.588075 0.605626 0.748674 0.046318
123 0.522522 0.497393 0.729398 0.041220
84 0.589574 0.727351 0.026835 0.013042
24 0.666191 0.491877 0.013919 0.026740
84 0.293688 0.725091 0.020011 0.016782
84 0.734804 0.280181 0.020509 0.018634
26 0.200211 0.107832 0.039599 0.029205
84 0.183810 0.388801 0.021043 0.023284
84 0.340653 0.723262 0.022693 0.021109
24 0.133859 0.380634 0.015223 0.025745
24 0.471656 0.767883 0.024199 0.044077
24 0.210179 0.709530 0.019296 0.025039
84 0.127414 0.144777 0.030436 0.022905
24 0.629710 0.492019 0.016067 0.027140
