84 0.366863 0.608406 0.030985 0.018002
123 0.562533 0.603360 0.749667 0.047188
123 0.565207 0.384479 0.744326 0.050063
84 0.474478 0.721525 0.030714 0.020039
84 0.293769 0.386839 0.025869 0.016374
84 0.324900 0.496873 0.024804 0.024259
24 0.006381 0.611154 0.012760 0.044568
84 0.438004 0.606986 0.019282 0.021197
84 0.126783 0.385698 0.023955 0.027293
84 0.325310 0.720845 0.023420 0.020411
84 0.183440 0.607343 0.030610 0.019996
84 0.209743 0.281122 0.018631 0.019948
26 0.814782 0.385517 0.034959 0.027896
24 0.005345 0.500293 0.010689 0.053061
84 0.473406 0.608399 0.028992 0.019446
84 0.082347 0.278884 0.027084 0.022995
84 0.814725 0.385863 0.033527 0.027655
84 0.886925 0.280299 0.020933 0.020632
84 0.644245 0.500204 0.018345 0.017373
24 0.910562 0.489903 0.018484 0.029048
84 0.036058 0.278938 0.053984 0.023501
123 0.512505 0.497887 0.749679 0.045480
24 0.005023 0.393976 0.010045 0.045950
84 0.209840 0.284670 0.018775 0.013461
24 0.634644 0.384271 0.013131 0.026500
84 0.709292 0.004409 0.038037 0.008819
24 0.007605 0.720771 0.015210 0.047877
84 0.214833 0.386087 0.013625 0.026601
24 0.993572 0.723144 0.012857 0.044182
84 0.234575 0.279042 0.014002 0.024105
