123 0.368354 0.499167 0.736709 0.044492
26 0.009167 0.013124 0.018272 0.025373
24 0.119775 0.604977 0.022418 0.040265
84 0.551630 0.728378 0.020646 0.013088
61 0.998437 0.972321 0.003125 0.055358
123 0.387358 0.722187 0.749542 0.038193
24 0.012366 0.620016 0.021319 0.025330
24 0.012961 0.276935 0.024152 0.051343
84 0.726224 0.503366 0.022541 0.025633
86 0.996395 0.313491 0.007210 0.087974
84 0.926310 0.618407 0.032453 0.017982
84 0.474651 0.726147 0.029935 0.017739
24 0.014113 0.496980 0.025644 0.047855
24 0.118921 0.286684 0.022825 0.028351
24 0.121945 0.389852 0.021107 0.034837
84 0.606918 0.617788 0.023077 0.019899
84 0.507231 0.727570 0.017772 0.014467
24 0.010280 0.025694 0.019844 0.029250
84 0.709562 0.728800 0.037687 0.019929
24 0.014348 0.723401 0.023751 0.040788
26 0.008926 0.444997 0.017852 0.030040
24 0.011796 0.375229 0.022225 0.035987
84 0.737292 0.284900 0.016067 0.018659
84 0.424049 0.279877 0.024596 0.021133
24 0.623320 0.474412 0.016120 0.026578
84 0.043639 0.494695 0.065404 0.025608
26 0.169209 0.441657 0.019458 0.036725
84 0.305047 0.722007 0.027462 0.024362
84 0.880701 0.286284 0.027702 0.015966
84 0.439573 0.725514 0.013018 0.018247
84 0.607216 0.618931 0.024931 0.013478
84 0.832475 0.618209 0.013105 0.019755
24 0.146525 0.466244 0.025711 0.036334
24 0.010732 0.365165 0.018169 0.039808
