123 0.462426 0.355823 0.749572 0.026336
84 0.138441 0.359313 0.014001 0.010176
84 0.244795 0.357136 0.015196 0.009639
121 0.034265 0.296857 0.067692 0.069816
84 0.972019 0.355144 0.049047 0.011727
84 0.274751 0.355180 0.017754 0.018666
24 0.006997 0.502832 0.013732 0.022788
24 0.005839 0.658530 0.011677 0.040385
26 0.304824 0.386359 0.021211 0.025314
84 0.557638 0.646792 0.025597 0.013880
24 0.016517 0.653830 0.025024 0.028304
24 0.107700 0.571662 0.022977 0.039469
121 0.969205 0.354986 0.043166 0.011813
123 0.462204 0.645190 0.749219 0.042776
24 0.298491 0.575094 0.019834 0.025714
24 0.090652 0.534990 0.017519 0.024591
24 0.796761 0.576199 0.020238 0.059924
24 0.819390 0.243061 0.020969 0.030349
84 0.659633 0.501174 0.017011 0.018410
84 0.132315 0.572763 0.023497 0.014699
84 0.926443 0.816304 0.147115 0.034867
84 0.547134 0.501466 0.024513 0.013606
24 0.786748 0.492786 0.026064 0.028055
24 0.834944 0.225859 0.018251 0.029371
26 0.348133 0.408886 0.021883 0.031361
84 0.030639 0.576089 0.011385 0.014682
