123 0.612070 0.739026 0.747502 0.041603
123 0.729549 0.902122 0.380963 0.038477
24 0.383872 0.304036 0.029541 0.041341
123 0.567073 0.409598 0.740393 0.041598
84 0.047551 0.525060 0.028050 0.021799
123 0.614382 0.296690 0.745948 0.041592
24 0.992788 0.431219 0.014424 0.037146
1 0.386356 0.002354 0.029279 0.004709
84 0.302317 0.529228 0.024205 0.013568
84 0.360733 0.078082 0.030345 0.027613
26 0.389199 0.019629 0.028929 0.037817
24 0.150728 0.186417 0.015778 0.026998
24 0.992642 0.647772 0.014716 0.038495
121 0.435535 0.183290 0.162319 0.035540
84 0.589906 0.520113 0.030800 0.020880
123 0.612752 0.518961 0.749274 0.042128
24 0.116528 0.423103 0.034329 0.050801
24 0.718944 0.512576 0.016901 0.020179
24 0.991590 0.309006 0.016819 0.033162
26 0.397717 0.969519 0.034691 0.046839
26 0.413527 0.840141 0.026744 0.048071
84 0.245535 0.953476 0.098702 0.026213
84 0.742839 0.629928 0.021932 0.028739
84 0.050752 0.526327 0.022617 0.020041
24 0.116182 0.356792 0.021569 0.037110
84 0.781341 0.518673 0.039392 0.024030
84 0.700337 0.631282 0.018594 0.025769
26 0.342260 0.978025 0.027734 0.039378
24 0.313801 0.013373 0.050480 0.026747
24 0.356008 0.913491 0.023302 0.033861
123 0.472851 0.299256 0.729123 0.041451
123 0.462834 0.519725 0.749163 0.038648
26 0.819386 0.405331 0.024769 0.022877
84 0.295799 0.742575 0.063518 0.027404
