123 0.595565 0.638091 0.733629 0.024786
26 0.126643 0.008485 0.022385 0.016294
123 0.699252 0.893974 0.601495 0.027016
123 0.677375 0.954694 0.569630 0.030733
84 0.625183 0.360886 0.019911 0.007921
26 0.172638 0.992522 0.025712 0.013491
61 0.998437 0.980712 0.003125 0.038576
123 0.620031 0.190237 0.734586 0.041237
26 0.321969 0.522887 0.023446 0.015834
26 0.260222 0.540782 0.033420 0.019286
61 0.998437 0.731331 0.003126 0.040945
24 0.010091 0.426212 0.020182 0.036655
26 0.248860 0.009743 0.024826 0.017379
24 0.194936 0.701446 0.026982 0.045346
26 0.217288 0.912201 0.019733 0.017621
84 0.420958 0.360161 0.017844 0.014256
24 0.009740 0.639786 0.019480 0.035770
24 0.458862 0.353611 0.013817 0.015458
84 0.187292 0.428649 0.031885 0.014574
24 0.336702 0.006719 0.013893 0.012561
24 0.416117 0.195538 0.013492 0.012503
24 0.414395 0.875179 0.017039 0.019762
84 0.773093 0.360028 0.015685 0.014414
26 0.274218 0.992285 0.028444 0.014114
24 0.327401 0.755095 0.027031 0.030104
24 0.778755 0.632921 0.017570 0.013569
84 0.862640 0.503290 0.022371 0.008403
24 0.010700 0.576253 0.021400 0.039045
26 0.235980 0.257196 0.023363 0.024614
84 0.544241 0.894176 0.024928 0.011783
24 0.328684 0.778088 0.034254 0.042298
26 0.256978 0.878432 0.025588 0.027632
84 0.873305 0.645619 0.019943 0.009367
123 0.587500 0.498708 0.749802 0.024764
26 0.209426 0.240220 0.024200 0.023326
26 0.275687 0.250734 0.030227 0.023288
24 0.010079 0.499903 0.020159 0.033959
24 0.601074 0.566024 0.010920 0.011903
84 0.922871 0.431519 0.025302 0.014658
26 0.332102 0.175419 0.021753 0.022126
24 0.992836 0.497843 0.014328 0.029209
24 0.075912 0.638252 0.020732 0.019164
24 0.155378 0.600353 0.017761 0.040538
26 0.253371 0.737826 0.032200 0.023919
24 0.253301 0.683720 0.029236 0.024611
26 0.221844 0.988598 0.043188 0.020148
26 0.271998 0.869746 0.014705 0.014609
84 0.589414 0.646958 0.015240 0.006646
84 0.088046 0.428017 0.044638 0.015305
