24 0.439812 0.501354 0.014825 0.033720
84 0.413459 0.391285 0.028839 0.016011
24 0.708127 0.724824 0.019578 0.041629
24 0.113411 0.392912 0.019992 0.044680
24 0.341726 0.823882 0.021199 0.043695
24 0.708738 0.668635 0.018033 0.035034
26 0.228911 0.985161 0.042776 0.027045
24 0.009898 0.498855 0.019795 0.057416
84 0.360835 0.276600 0.040053 0.025220
123 0.487484 0.494958 0.749823 0.039027
24 0.276361 0.822178 0.019966 0.033714
84 0.645662 0.389273 0.024031 0.020293
84 0.397167 0.497367 0.025980 0.023348
26 0.749583 0.720955 0.011316 0.025787
84 0.368971 0.391390 0.015580 0.016218
84 0.736041 0.497006 0.022332 0.024411
26 0.394409 0.822677 0.022188 0.031924
24 0.843596 0.383436 0.014583 0.026854
84 0.533642 0.605436 0.028773 0.028521
123 0.439025 0.274147 0.746727 0.037882
24 0.008317 0.393154 0.016634 0.051810
24 0.114323 0.277388 0.018439 0.041638
84 0.267958 0.718852 0.026005 0.021832
24 0.820032 0.491934 0.011045 0.022998
84 0.627866 0.274283 0.017514 0.021902
24 0.709908 0.397306 0.023595 0.062718
84 0.918516 0.611823 0.017496 0.015797
26 0.741808 0.551497 0.040452 0.037822
24 0.398578 0.847030 0.020357 0.076946
24 0.828828 0.602983 0.015193 0.026189
84 0.160584 0.274672 0.020926 0.028010
24 0.009302 0.725641 0.018604 0.067830
123 0.619197 0.717799 0.736315 0.041365
24 0.713213 0.206862 0.021783 0.025922
24 0.747828 0.148988 0.015130 0.025482
61 0.997864 0.975159 0.004273 0.049682
123 0.440769 0.385193 0.743235 0.036273
84 0.784668 0.721075 0.062187 0.025732
26 0.193160 0.165489 0.028233 0.030624
84 0.547978 0.381564 0.038149 0.024045
84 0.238908 0.610407 0.021806 0.020185
3 0.437898 0.915139 0.049823 0.061541
84 0.464781 0.389734 0.018059 0.019750
84 0.462404 0.387488 0.023611 0.020321
26 0.007061 0.020586 0.014092 0.039692
84 0.130563 0.274547 0.026844 0.019939
