85 0.381206 0.993223 0.023333 0.011851
77 0.357532 0.724873 0.009372 0.030364
26 0.079934 0.696712 0.018012 0.051616
3 0.425135 0.946131 0.035607 0.099054
3 0.656495 0.895597 0.033291 0.089990
26 0.080278 0.668739 0.018078 0.030805
24 0.357680 0.651294 0.036833 0.054862
24 0.652523 0.770543 0.031930 0.048737
84 0.523625 0.709732 0.042051 0.026813
26 0.349061 0.544670 0.028428 0.054426
24 0.514107 0.638858 0.038817 0.036626
26 0.517603 0.692264 0.013478 0.037790
24 0.654605 0.763018 0.034143 0.063461
84 0.369028 0.638747 0.048982 0.020420
24 0.509595 0.725780 0.031222 0.058530
26 0.148527 0.517842 0.021545 0.040539
26 0.653433 0.683068 0.036251 0.032868
24 0.362538 0.631189 0.026710 0.036368
26 0.061870 0.670179 0.018886 0.047583
26 0.081897 0.608813 0.014475 0.029737
84 0.032312 0.637406 0.031931 0.021404
26 0.063934 0.662556 0.017416 0.040373
24 0.581692 0.632006 0.013454 0.035994
24 0.368770 0.573979 0.021196 0.053019
79 0.411727 0.760581 0.008525 0.028788
26 0.414536 0.674274 0.035895 0.059571
84 0.776945 0.635771 0.023438 0.025660
26 0.650059 0.653965 0.028080 0.029799
26 0.231580 0.487803 0.016018 0.032887
24 0.081821 0.643735 0.018255 0.039410
84 0.381202 0.638746 0.032271 0.020810
26 0.421231 0.292843 0.024620 0.045807
26 0.411110 0.603532 0.030635 0.045487
