6 0.085205 0.495243 0.130371 0.366318
123 0.315597 0.638646 0.623281 0.091828
123 0.368709 0.351953 0.737418 0.110618
26 0.684651 0.047876 0.029918 0.032197
121 0.473854 0.731684 0.084436 0.068768
123 0.368889 0.959645 0.736645 0.080711
121 0.479875 0.914998 0.085906 0.044936
123 0.370865 0.501056 0.733064 0.122103
121 0.776870 0.737378 0.087678 0.073042
121 0.783075 0.909598 0.090365 0.070964
123 0.369711 0.033236 0.734793 0.066471
26 0.052267 0.140331 0.037729 0.045945
121 0.471195 0.722260 0.080332 0.049978
26 0.688860 0.024155 0.033898 0.048013
24 0.004134 0.167648 0.008268 0.035795
24 0.004145 0.206081 0.008290 0.039059
123 0.688138 0.641697 0.604045 0.087018
