24 0.649763 0.816740 0.018306 0.019748
121 0.686067 0.079813 0.079520 0.077316
24 0.676331 0.319095 0.011724 0.024946
24 0.494053 0.237910 0.019677 0.034288
84 0.650930 0.572899 0.022631 0.012674
24 0.412628 0.227904 0.023668 0.022113
26 0.731592 0.318299 0.020505 0.015851
24 0.375473 0.569333 0.012123 0.012202
123 0.462506 0.643606 0.749855 0.023985
84 0.777358 0.643916 0.035314 0.012979
26 0.742940 0.785157 0.027766 0.017931
26 0.206720 0.057533 0.023812 0.020812
84 0.541762 0.502910 0.025549 0.015351
53 0.217527 0.727388 0.020288 0.038729
24 0.005764 0.505047 0.011528 0.028585
26 0.796701 0.703352 0.023461 0.022732
26 0.324647 0.714304 0.022945 0.021982
24 0.773396 0.269219 0.040752 0.019531
24 0.088097 0.150765 0.019188 0.023174
26 0.352161 0.803557 0.024459 0.024207
24 0.403082 0.708057 0.019130 0.014863
26 0.716336 0.812841 0.021514 0.016360
26 0.741858 0.787752 0.027923 0.024647
84 0.049471 0.176163 0.020490 0.020916
26 0.367527 0.758091 0.021541 0.024273
24 0.663454 0.293867 0.032122 0.020559
24 0.554195 0.728455 0.018147 0.015072
24 0.560117 0.243757 0.020538 0.043093
84 0.589388 0.643909 0.027538 0.012622
121 0.094324 0.151998 0.071546 0.066141
24 0.645662 0.816437 0.026383 0.020794
26 0.351517 0.733427 0.013704 0.017666
24 0.131485 0.514491 0.033690 0.030625
24 0.119736 0.130222 0.023529 0.019031
26 0.739081 0.318275 0.035537 0.015970
53 0.587344 0.037244 0.020089 0.035846
26 0.817072 0.202852 0.018380 0.015040
84 0.896624 0.571725 0.023290 0.014436
123 0.333727 0.573640 0.667268 0.021781
26 0.357596 0.785446 0.025465 0.027853
84 0.472028 0.357445 0.037229 0.016999
123 0.419091 0.172317 0.194271 0.033066
24 0.635220 0.816700 0.047269 0.020210
24 0.490802 0.569844 0.015501 0.013541
84 0.903805 0.646497 0.015732 0.014176
