24 0.344562 0.624442 0.020929 0.036799
24 0.940138 0.620973 0.020520 0.043953
86 0.004396 0.651471 0.008792 0.112681
26 0.255538 0.952909 0.020030 0.031268
84 0.593910 0.290049 0.016289 0.016325
85 0.711772 0.838283 0.019805 0.020674
123 0.462415 0.729232 0.749573 0.041874
84 0.061721 0.735782 0.027431 0.023977
84 0.280875 0.510565 0.037996 0.024995
84 0.269806 0.621059 0.038511 0.023603
84 0.842611 0.290804 0.026922 0.015361
84 0.667942 0.985891 0.054612 0.024260
24 0.109157 0.573565 0.027377 0.038394
123 0.487109 0.620299 0.749016 0.035324
26 0.107305 0.606466 0.020317 0.043707
24 0.692112 0.841719 0.022045 0.046443
24 0.619181 0.506094 0.012128 0.026096
84 0.811713 0.405314 0.021709 0.015491
123 0.487467 0.285394 0.749622 0.036193
24 0.126916 0.510934 0.020700 0.036303
26 0.742758 0.838311 0.016113 0.031832
24 0.690332 0.616622 0.019620 0.048553
24 0.816182 0.848453 0.020002 0.045473
123 0.388337 0.507516 0.747719 0.044440
26 0.776183 0.908922 0.022705 0.048291
84 0.030293 0.624624 0.057823 0.024208
84 0.889154 0.291046 0.024712 0.015163
84 0.217007 0.290066 0.031959 0.024866
84 0.701906 0.287869 0.038389 0.021222
84 0.205637 0.289881 0.054696 0.025031
84 0.877022 0.846155 0.052098 0.036967
84 0.042076 0.735280 0.066810 0.024947
84 0.811449 0.397795 0.022999 0.028234
24 0.127744 0.518321 0.021648 0.038927
26 0.775953 0.900857 0.022542 0.032373
26 0.563070 0.451111 0.024281 0.050725
26 0.118994 0.488146 0.023964 0.038627
86 0.687627 0.755182 0.022126 0.105275
24 0.520924 0.440722 0.032619 0.035297
