24 0.761023 0.581273 0.016221 0.019615
84 0.677878 0.367197 0.023415 0.011242
26 0.773421 0.072214 0.017049 0.023040
26 0.226805 0.073511 0.018756 0.020355
24 0.171243 0.505801 0.023304 0.026425
24 0.716268 0.498477 0.016138 0.020547
26 0.696972 0.151786 0.021230 0.021592
24 0.547341 0.471388 0.018433 0.021354
24 0.281723 0.504099 0.022806 0.033275
24 0.339745 0.464121 0.021788 0.026947
26 0.697207 0.074429 0.034548 0.036071
26 0.345631 0.482834 0.023181 0.024685
26 0.349744 0.476400 0.027828 0.022954
24 0.833466 0.496654 0.011303 0.012570
24 0.172124 0.434772 0.017238 0.029753
26 0.219204 0.073478 0.034457 0.019930
73 0.979701 0.653485 0.005651 0.005661
24 0.558745 0.472162 0.041467 0.023031
84 0.534772 0.578750 0.017887 0.013612
84 0.451255 0.367221 0.018176 0.011038
26 0.684797 0.120073 0.028749 0.033448
123 0.563173 0.573648 0.748083 0.025833
123 0.629836 0.502968 0.734495 0.026890
24 0.793415 0.042038 0.024124 0.038693
84 0.073741 0.647161 0.046597 0.013310
24 0.718515 0.077661 0.018908 0.033763
84 0.186551 0.575801 0.035128 0.014179
84 0.916453 0.648144 0.019894 0.011067
84 0.677200 0.437931 0.024229 0.011405
24 0.004960 0.508604 0.009919 0.031587
84 0.865163 0.649068 0.025527 0.009606
24 0.285997 0.434750 0.019159 0.029429
84 0.894061 0.118779 0.126071 0.024557
84 0.213033 0.806882 0.052505 0.016981
84 0.014221 0.576011 0.021852 0.013240
84 0.724269 0.578004 0.019749 0.009965
26 0.728473 0.159101 0.023522 0.040876
26 0.715667 0.184395 0.012183 0.017442
24 0.279555 0.578163 0.015614 0.020083
123 0.556931 0.644881 0.710771 0.029484
26 0.871045 0.008167 0.014442 0.015289
84 0.834622 0.359528 0.047191 0.019790
24 0.344403 0.463823 0.031192 0.025654
84 0.853283 0.046262 0.018258 0.025613
24 0.696685 0.123363 0.046128 0.036427
84 0.915382 0.049706 0.166900 0.026418
26 0.756309 0.057360 0.030763 0.020628
84 0.491134 0.508359 0.027820 0.012167
26 0.696413 0.156911 0.022090 0.031622
24 0.005068 0.262698 0.010136 0.021103
26 0.679581 0.121671 0.018490 0.036716
24 0.137947 0.611178 0.021991 0.019057
84 0.620276 0.362070 0.030425 0.016240
24 0.136655 0.574680 0.015103 0.018909
