24 0.659389 0.358085 0.019202 0.025078
81 0.149313 0.731607 0.015754 0.027926
24 0.288247 0.495766 0.020082 0.027853
26 0.268248 0.530381 0.021469 0.025694
123 0.489164 0.352446 0.745943 0.024172
84 0.496941 0.426072 0.029103 0.015885
84 0.659447 0.642160 0.020122 0.017455
123 0.356081 0.566871 0.712162 0.029504
84 0.390954 0.497526 0.033089 0.015748
26 0.671123 0.316785 0.037815 0.020854
24 0.757600 0.425716 0.018708 0.031636
84 0.043516 0.641415 0.087029 0.018903
84 0.542598 0.568437 0.032499 0.018883
24 0.004639 0.631873 0.009278 0.027145
123 0.698604 0.566105 0.602793 0.030064
84 0.397195 0.351533 0.049547 0.018158
26 0.425714 0.480242 0.033873 0.032945
24 0.737817 0.261093 0.040105 0.036892
134 0.617020 0.352386 0.740713 0.026053
84 0.735620 0.006396 0.019811 0.012793
123 0.488173 0.638473 0.748420 0.032441
24 0.421054 0.534711 0.040258 0.029497
24 0.747971 0.952176 0.018983 0.029614
24 0.424898 0.493045 0.034280 0.024334
134 0.412513 0.565224 0.749820 0.034627
24 0.175639 0.415429 0.019012 0.044637
26 0.666251 0.321668 0.030743 0.030448
24 0.410478 0.563632 0.024902 0.028873
84 0.501849 0.497544 0.024578 0.018095
84 0.588742 0.352094 0.028100 0.023373
123 0.803157 0.348066 0.387228 0.034634
24 0.759054 0.356988 0.017610 0.031996
84 0.587971 0.567983 0.018965 0.018500
24 0.375695 0.644672 0.012390 0.017818
