24 0.181712 0.607775 0.022817 0.052700
24 0.005723 0.275523 0.011446 0.045627
84 0.096784 0.612439 0.021792 0.013983
24 0.657384 0.496608 0.017118 0.026712
24 0.632968 0.495711 0.012163 0.024934
84 0.148248 0.823200 0.124627 0.035312
123 0.512676 0.717276 0.749347 0.045666
24 0.789950 0.394239 0.017863 0.030836
26 0.198081 0.935376 0.023261 0.041827
26 0.492212 0.448544 0.020508 0.040231
26 0.233664 0.385626 0.018732 0.036118
24 0.006255 0.611068 0.012510 0.055970
123 0.592354 0.275386 0.690049 0.043706
26 0.255921 0.541192 0.040570 0.041053
84 0.815359 0.397650 0.015278 0.014506
24 0.870837 0.713105 0.015546 0.023432
24 0.949713 0.491014 0.016394 0.031116
24 0.902660 0.715468 0.014332 0.021003
84 0.128744 0.824162 0.084777 0.032923
84 0.296529 0.497978 0.030316 0.026285
26 0.533411 0.438288 0.019981 0.029045
26 0.196929 0.823181 0.020635 0.038933
