85 0.329532 0.993605 0.037632 0.010698
123 0.631515 0.894032 0.719040 0.053152
26 0.335892 0.010803 0.024234 0.021106
84 0.519293 0.435963 0.021190 0.010131
24 0.253659 0.363842 0.022251 0.028571
24 0.108944 0.365730 0.018073 0.029097
24 0.532011 0.053376 0.014093 0.018196
26 0.264499 0.014261 0.024563 0.028308
84 0.468024 0.360639 0.052163 0.018396
84 0.436509 0.504614 0.018291 0.017323
24 0.211959 0.113572 0.021956 0.033992
24 0.111723 0.432899 0.014709 0.033389
24 0.021865 0.355667 0.015360 0.019281
123 0.677090 0.118246 0.633548 0.046786
84 0.500072 0.646806 0.023168 0.017621
26 0.318227 0.483795 0.026046 0.019232
24 0.318731 0.509172 0.035350 0.029049
24 0.180208 0.568453 0.018372 0.033239
123 0.441777 0.429010 0.741319 0.035377
26 0.334873 0.015572 0.026082 0.030618
123 0.544038 0.901661 0.736596 0.052379
84 0.354463 0.941740 0.032633 0.014568
84 0.697137 0.433690 0.022548 0.010356
24 0.249836 0.242575 0.026048 0.023629
84 0.466126 0.503575 0.035573 0.014021
24 0.315517 0.032600 0.012486 0.023579
26 0.248702 0.067166 0.027981 0.033841
84 0.817514 0.906100 0.016602 0.014412
84 0.527604 0.361222 0.019538 0.017572
84 0.234513 0.575333 0.049921 0.017412
84 0.026170 0.430192 0.045523 0.018580
26 0.322236 0.439849 0.014949 0.022054
24 0.145037 0.520553 0.024632 0.026166
24 0.255372 0.023295 0.041255 0.026168
24 0.218154 0.135563 0.025947 0.027290
84 0.415732 0.053188 0.020569 0.023023
26 0.306833 0.556874 0.022663 0.028786
84 0.281551 0.360207 0.023959 0.019085
84 0.856943 0.575914 0.014501 0.010612
26 0.307038 0.560307 0.020368 0.025096
123 0.464996 0.916196 0.744846 0.056235
