24 0.364774 0.574705 0.022310 0.027657
84 0.537444 0.434506 0.043762 0.012931
84 0.491245 0.505261 0.039918 0.012857
123 0.368415 0.570795 0.736830 0.025156
123 0.630083 0.363146 0.734196 0.031219
24 0.293434 0.356225 0.024484 0.031429
24 0.657523 0.438222 0.022981 0.029571
24 0.858333 0.438260 0.023947 0.027925
84 0.112579 0.206535 0.009732 0.005040
24 0.290770 0.350338 0.028866 0.030260
26 0.854060 0.379700 0.015324 0.013728
0 0.990543 0.174122 0.018914 0.348244
84 0.541818 0.575085 0.020156 0.015532
24 0.423894 0.496736 0.022935 0.021007
26 0.335058 0.456145 0.026899 0.029701
26 0.063602 0.737101 0.023842 0.024067
26 0.334924 0.450683 0.025328 0.018962
84 0.709672 0.573890 0.023849 0.017415
134 0.412468 0.432050 0.749771 0.026023
24 0.992905 0.445037 0.014191 0.023231
