123 0.462567 0.385372 0.749512 0.036814
61 0.998437 0.842199 0.003127 0.072933
26 0.346529 0.542403 0.039326 0.038231
123 0.667310 0.608325 0.661464 0.045202
24 0.094720 0.394305 0.021657 0.031962
26 0.355709 0.542256 0.057666 0.037575
24 0.993441 0.280345 0.013118 0.049263
84 0.192054 0.611989 0.021647 0.020437
84 0.472227 0.611255 0.019995 0.021829
84 0.842769 0.498903 0.020251 0.021026
84 0.183992 0.498616 0.027309 0.021861
84 0.029167 0.386509 0.052662 0.020132
84 0.710876 0.501696 0.017471 0.024128
24 0.493215 0.606694 0.014690 0.019554
26 0.173783 0.344286 0.014404 0.029872
24 0.008108 0.391911 0.016216 0.043648
84 0.718614 0.722902 0.027435 0.023969
123 0.487792 0.608585 0.748971 0.039336
26 0.363069 0.476710 0.036996 0.026856
84 0.444574 0.272465 0.051601 0.024970
24 0.095688 0.387471 0.023631 0.041989
