24 0.703408 0.959182 0.012173 0.021677
26 0.187044 0.830581 0.023271 0.036875
123 0.438622 0.713527 0.747417 0.045523
123 0.537479 0.538953 0.749785 0.062672
84 0.101609 0.386120 0.021297 0.019905
87 0.920216 0.715370 0.015889 0.038435
84 0.307610 0.388315 0.013540 0.015969
26 0.093789 0.642498 0.025890 0.033119
24 0.103394 0.563786 0.020651 0.045410
24 0.005993 0.600630 0.011960 0.037041
40 0.957444 0.629611 0.004666 0.012435
123 0.630769 0.968808 0.736172 0.062384
24 0.159403 0.516018 0.034591 0.042117
84 0.952978 0.937662 0.038825 0.022181
84 0.037454 0.495701 0.070078 0.022678
26 0.094563 0.666034 0.024210 0.037419
26 0.796484 0.964775 0.017969 0.031840
24 0.370478 0.266806 0.016456 0.028421
26 0.003592 0.549858 0.007183 0.030735
84 0.832440 0.718005 0.027610 0.024203
84 0.213764 0.608747 0.031362 0.020105
24 0.094950 0.670270 0.024416 0.039334
