24 0.993264 0.295856 0.013399 0.036429
24 0.831127 0.281870 0.014086 0.032383
84 0.711116 0.506493 0.019576 0.016354
84 0.271431 0.612560 0.033550 0.019619
84 0.682450 0.390297 0.026222 0.022015
84 0.498771 0.389673 0.024644 0.024151
26 0.341028 0.602705 0.020053 0.042645
123 0.487454 0.611585 0.749408 0.036542
123 0.630056 0.389264 0.733866 0.040653
24 0.339494 0.571251 0.024624 0.034021
84 0.538096 0.614014 0.014260 0.024841
84 0.437086 0.726674 0.019191 0.025983
84 0.199159 0.504053 0.018077 0.020406
84 0.219032 0.611815 0.047520 0.021284
84 0.503018 0.282617 0.024229 0.021285
84 0.614165 0.276416 0.045971 0.025140
24 0.063052 0.398669 0.017054 0.032767
84 0.930030 0.728090 0.038853 0.023250
123 0.512433 0.724197 0.749790 0.047413
84 0.725419 0.613699 0.035796 0.024440
84 0.661416 0.503603 0.024284 0.021145
24 0.360586 0.496443 0.025209 0.037097
84 0.150338 0.722261 0.019892 0.024651
84 0.910325 0.503677 0.029114 0.022700
84 0.130108 0.725143 0.024323 0.029044
123 0.330867 0.385576 0.661734 0.042968
84 0.533617 0.734189 0.015999 0.011744
26 0.356767 0.473117 0.031621 0.035091
84 0.480150 0.387842 0.061762 0.024212
24 0.632564 0.444916 0.013448 0.022649
84 0.405964 0.387754 0.028652 0.026464
84 0.555887 0.278911 0.018233 0.021104
