24 0.993187 0.399704 0.013572 0.028397
123 0.487525 0.388241 0.749716 0.044630
123 0.487478 0.609730 0.749713 0.042078
84 0.385568 0.500459 0.045610 0.022566
24 0.005071 0.502207 0.010141 0.052856
24 0.465379 0.282789 0.015810 0.030931
26 0.671258 0.727760 0.012030 0.021202
24 0.199552 0.603154 0.016545 0.027964
84 0.216811 0.069595 0.029316 0.027371
84 0.289962 0.032210 0.053692 0.026512
24 0.107903 0.234707 0.030025 0.050737
84 0.264511 0.046578 0.043144 0.023720
84 0.908849 0.279232 0.020875 0.020304
24 0.176159 0.269306 0.025969 0.033165
123 0.539296 0.499548 0.746232 0.037893
84 0.244730 0.058987 0.030577 0.016280
26 0.993382 0.419429 0.012995 0.031711
24 0.005987 0.629808 0.011935 0.059803
84 0.924618 0.728084 0.024552 0.011604
24 0.172318 0.543952 0.024437 0.028298
24 0.641462 0.494804 0.011301 0.024691
84 0.350526 0.721681 0.046883 0.024412
84 0.138774 0.719223 0.044552 0.019632
123 0.612577 0.704671 0.749351 0.070615
84 0.732452 0.287670 0.012104 0.013319
84 0.334054 0.022047 0.042936 0.026701
24 0.993354 0.423535 0.013119 0.031321
24 0.828915 0.494400 0.014951 0.023735
24 0.109536 0.247899 0.027917 0.069066
