123 0.397810 0.429346 0.563813 0.020191
26 0.951811 0.733614 0.023262 0.021123
84 0.337398 0.645319 0.017567 0.011675
84 0.844646 0.359215 0.018310 0.012427
24 0.430338 0.494719 0.018135 0.021582
26 0.641553 0.316715 0.021818 0.019830
84 0.655652 0.643901 0.028415 0.014478
84 0.389669 0.432131 0.012127 0.008515
84 0.417107 0.429799 0.028812 0.013398
84 0.262252 0.429888 0.032367 0.012890
24 0.677589 0.293848 0.020941 0.020542
24 0.698530 0.281366 0.026613 0.024260
84 0.744105 0.428437 0.024282 0.016185
123 0.462528 0.499849 0.749744 0.028966
84 0.241980 0.427179 0.017746 0.012921
84 0.726897 0.265807 0.028924 0.016312
84 0.204960 0.500563 0.040520 0.014943
84 0.928963 0.430489 0.028613 0.011521
123 0.437521 0.570622 0.749820 0.032739
84 0.359458 0.502786 0.011493 0.010157
84 0.612068 0.781688 0.031070 0.012880
24 0.834660 0.428271 0.021954 0.021598
121 0.519423 0.732143 0.069028 0.047572
84 0.733827 0.358907 0.037345 0.012731
84 0.458862 0.570062 0.044274 0.018561
24 0.584859 0.193324 0.021492 0.025184
84 0.459729 0.431329 0.024500 0.010467
24 0.890672 0.644743 0.015697 0.017496
84 0.193650 0.428415 0.071706 0.015283
84 0.152028 0.644591 0.023167 0.017466
84 0.151845 0.501346 0.049672 0.012917
123 0.783991 0.791326 0.362186 0.023043
84 0.978918 0.642492 0.039841 0.014429
24 0.090391 0.493351 0.018023 0.025964
84 0.417430 0.499786 0.030898 0.016134
26 0.496497 0.810450 0.026156 0.022755
84 0.215486 0.428621 0.040680 0.014778
24 0.995806 0.363832 0.008387 0.024336
