24 0.173768 0.441452 0.026508 0.029839
26 0.292796 0.467382 0.018702 0.018651
24 0.171791 0.373584 0.025663 0.016100
24 0.396822 0.510056 0.030162 0.025363
24 0.991138 0.542155 0.017592 0.022861
24 0.059200 0.548219 0.020370 0.018990
24 0.269255 0.293853 0.026016 0.023949
123 0.368592 0.648414 0.737183 0.027347
123 0.666246 0.647929 0.656848 0.034492
26 0.512337 0.599628 0.019148 0.017046
24 0.513390 0.508932 0.032219 0.026660
24 0.630892 0.509709 0.023907 0.023104
26 0.818867 0.507753 0.018359 0.017175
24 0.628377 0.437917 0.023774 0.028042
24 0.170154 0.512271 0.031162 0.035646
0 0.989023 0.820412 0.021954 0.359177
26 0.395746 0.527891 0.019828 0.016488
26 0.512150 0.536787 0.018197 0.015943
24 0.990327 0.377799 0.019346 0.041423
24 0.855892 0.510321 0.029743 0.032598
26 0.301219 0.948273 0.023211 0.017369
26 0.007057 0.629920 0.014114 0.020521
26 0.008218 0.668925 0.016410 0.019342
24 0.108135 0.550521 0.012321 0.012127
24 0.627067 0.494969 0.021989 0.022074
24 0.650666 0.354818 0.015846 0.013968
123 0.488063 0.435361 0.748326 0.025561
24 0.059228 0.440599 0.022562 0.023518
26 0.511843 0.526172 0.019034 0.014089
24 0.742448 0.581901 0.025836 0.026471
24 0.742792 0.511089 0.025770 0.025010
24 0.512051 0.582281 0.032078 0.029243
26 0.008278 0.601969 0.016518 0.016302
26 0.743694 0.450069 0.018685 0.023276
26 0.007246 0.984239 0.014492 0.017073
24 0.292544 0.536064 0.018158 0.014606
24 0.792349 0.395455 0.015182 0.015136
26 0.007970 0.679564 0.015940 0.019220
84 0.430771 0.508157 0.041036 0.013991
26 0.512496 0.606710 0.019100 0.028159
24 0.398538 0.439893 0.024207 0.035415
26 0.512537 0.418311 0.023508 0.024946
123 0.227060 0.581002 0.366283 0.028374
84 0.878232 0.578863 0.027438 0.015280
26 0.008013 0.399137 0.016026 0.020276
26 0.742661 0.598331 0.023964 0.016675
24 0.742110 0.514723 0.025966 0.016988
24 0.291206 0.439306 0.026463 0.022969
26 0.812612 0.507798 0.031255 0.017439
24 0.743195 0.427554 0.027911 0.018921
26 0.007484 0.612805 0.014967 0.017932
26 0.008266 0.413392 0.016442 0.019624
26 0.008104 0.385076 0.016208 0.019891
26 0.007193 0.735212 0.014386 0.016568
24 0.007971 0.639163 0.015941 0.021083
26 0.008419 0.493306 0.016732 0.022895
26 0.058665 0.533823 0.016736 0.013712
