7 0.093994 0.421028 0.136230 0.356075
26 0.696672 0.315145 0.028864 0.047853
123 0.512512 0.039996 0.749801 0.079992
123 0.411094 0.357474 0.747032 0.110451
26 0.098770 0.987539 0.023679 0.024888
86 0.791829 0.954546 0.018183 0.090908
26 0.766224 0.326950 0.047984 0.044384
123 0.372436 0.037047 0.729819 0.074095
26 0.866640 0.984344 0.021749 0.031090
121 0.486181 0.202763 0.071595 0.062082
26 0.868057 0.978832 0.024898 0.042337
65 0.126601 0.980239 0.017685 0.039521
26 0.582276 0.990322 0.019437 0.019357
