123 0.588333 0.362935 0.728829 0.029684
26 0.004850 0.944283 0.009701 0.016631
24 0.128097 0.579086 0.022457 0.024582
24 0.710674 0.467146 0.019732 0.020152
24 0.607116 0.651163 0.019222 0.025584
72 0.082668 0.620277 0.006582 0.007135
24 0.233349 0.507693 0.023021 0.031071
123 0.461793 0.647832 0.746394 0.025837
26 0.446786 0.459765 0.016595 0.013402
123 0.485789 0.434515 0.746485 0.030726
24 0.804970 0.491723 0.017688 0.020334
24 0.340106 0.508658 0.025328 0.031379
24 0.337352 0.638903 0.020119 0.019642
24 0.229877 0.580748 0.023880 0.024584
84 0.177759 0.977868 0.043055 0.016240
24 0.708323 0.585849 0.021824 0.017996
123 0.463348 0.505140 0.746899 0.025009
24 0.920956 0.444415 0.023955 0.017511
0 0.985766 0.801682 0.024629 0.363184
24 0.922805 0.511138 0.023975 0.021901
80 0.065542 0.978196 0.022579 0.031633
24 0.003921 0.364754 0.007833 0.029177
24 0.235550 0.448473 0.025205 0.014868
26 0.429909 0.980856 0.024525 0.020184
26 0.680178 0.609388 0.021213 0.012198
24 0.807129 0.437788 0.024010 0.028859
26 0.004573 0.936649 0.009146 0.031890
26 0.920176 0.447222 0.017810 0.017000
26 0.125367 0.452355 0.021415 0.020320
24 0.445764 0.437282 0.028744 0.034026
24 0.449190 0.497250 0.021923 0.023314
24 0.707737 0.507525 0.022671 0.024573
26 0.691133 0.981328 0.048392 0.019191
123 0.437520 0.363021 0.749772 0.029344
24 0.923364 0.506590 0.025153 0.029314
24 0.920291 0.579497 0.021686 0.030666
24 0.807009 0.441824 0.023694 0.020097
24 0.120313 0.493665 0.022956 0.022934
24 0.420460 0.979981 0.044988 0.018474
24 0.708328 0.582063 0.022939 0.024450
24 0.862467 0.682865 0.017983 0.016732
26 0.805747 0.453208 0.018340 0.013220
24 0.232912 0.498935 0.026309 0.025100
26 0.305718 0.678322 0.015991 0.016033
24 0.623571 0.511691 0.018563 0.009974
24 0.680649 0.475562 0.020807 0.014141
24 0.448398 0.579143 0.018850 0.034838
