34 0.108215 0.056410 0.010986 0.004103
92 0.173851 0.074872 0.012677 0.010256
34 0.290955 0.060513 0.009766 0.004103
92 0.349299 0.074872 0.011268 0.010256
38 0.478072 0.056410 0.005611 0.004103
5 0.459751 0.078974 0.010791 0.022564
30 0.562847 0.057304 0.010628 0.005641
30 0.562847 0.057304 0.010628 0.005641
30 0.587647 0.057622 0.003252 0.002437
30 0.587647 0.057622 0.003252 0.002437
28 0.629008 0.053046 0.011093 0.006047
30 0.659608 0.052840 0.002730 0.002302
92 0.637198 0.074872 0.005713 0.010256
92 0.669697 0.074872 0.005713 0.010256
76 0.622620 0.051556 0.003808 0.002872
76 0.655119 0.049504 0.003808 0.002872
28 0.698944 0.051679 0.003253 0.002572
30 0.729668 0.060513 0.005946 0.004103
92 0.710153 0.074872 0.006861 0.010256
92 0.749183 0.074872 0.006861 0.010256
76 0.692645 0.051556 0.004574 0.002872
76 0.731675 0.057709 0.004574 0.002872
28 0.772105 0.058462 0.004128 0.004103
92 0.789747 0.074872 0.004763 0.010256
91 0.807407 0.074872 0.004763 0.010256
34 0.104255 0.101394 0.004772 0.003655
92 0.173345 0.114459 0.011413 0.009758
34 0.290912 0.104065 0.008718 0.003917
92 0.349067 0.114460 0.010060 0.009794
38 0.477989 0.100019 0.005263 0.003785
5 0.459646 0.118594 0.010122 0.020816
30 0.563095 0.097368 0.010322 0.006004
30 0.563095 0.097368 0.010322 0.006004
30 0.590419 0.101781 0.011442 0.005775
30 0.590419 0.101781 0.011442 0.005775
28 0.620996 0.097889 0.004508 0.003875
28 0.653245 0.101953 0.004508 0.003875
92 0.637034 0.114457 0.005202 0.009686
92 0.669550 0.114455 0.005202 0.009686
76 0.622660 0.095063 0.003468 0.002712
76 0.654913 0.099108 0.003468 0.002712
30 0.690614 0.108230 0.005364 0.003907
28 0.740211 0.113770 0.008378 0.003254
92 0.709966 0.114459 0.006190 0.009766
92 0.749016 0.114458 0.006190 0.009766
76 0.692612 0.104861 0.004127 0.002735
76 0.731446 0.104810 0.004127 0.002735
30 0.780600 0.112817 0.005722 0.006096
92 0.789746 0.114443 0.004494 0.009386
91 0.807407 0.114443 0.004494 0.009386
32 0.101606 0.155034 0.010556 0.004555
92 0.173216 0.154200 0.010842 0.009209
32 0.290859 0.154204 0.008192 0.003730
92 0.348950 0.154202 0.009453 0.009324
36 0.477966 0.150042 0.005068 0.003478
5 0.459641 0.158347 0.009746 0.019127
28 0.551212 0.150045 0.003446 0.003505
28 0.567533 0.150035 0.003446 0.003505
28 0.589950 0.146283 0.008552 0.006004
28 0.589950 0.146283 0.008552 0.006004
30 0.629691 0.148618 0.008493 0.006142
28 0.661685 0.146147 0.002772 0.002246
92 0.637015 0.154196 0.004987 0.008987
92 0.669533 0.154194 0.004987 0.008987
76 0.622641 0.144627 0.003325 0.002516
76 0.654890 0.143022 0.003325 0.002516
30 0.702054 0.146528 0.002891 0.002154
28 0.739726 0.153834 0.008260 0.003850
92 0.709900 0.154199 0.005866 0.009169
92 0.748956 0.154198 0.005866 0.009169
76 0.692622 0.144628 0.003911 0.002567
76 0.731366 0.148726 0.003911 0.002567
30 0.772140 0.152100 0.003743 0.003466
92 0.789747 0.154187 0.004318 0.008666
91 0.807407 0.154187 0.004318 0.008666
34 0.123059 0.188484 0.009445 0.004176
92 0.179218 0.198872 0.010898 0.010439
30 0.266779 0.192641 0.003932 0.004182
30 0.276899 0.188488 0.003932 0.004182
91 0.219655 0.198872 0.004537 0.010455
92 0.251073 0.198872 0.004537 0.010455
34 0.289591 0.184329 0.009762 0.004172
92 0.347576 0.198872 0.011264 0.010430
30 0.438875 0.188488 0.004133 0.004179
30 0.449503 0.184334 0.004133 0.004179
91 0.389381 0.198872 0.004769 0.010447
92 0.422379 0.198872 0.004769 0.010447
38 0.468459 0.180157 0.009321 0.007654
8 0.458099 0.194718 0.010833 0.023014
30 0.562313 0.181259 0.011383 0.005775
30 0.562313 0.181259 0.011383 0.005775
30 0.582474 0.180175 0.003868 0.004184
30 0.598954 0.180176 0.003868 0.004184
28 0.629903 0.185454 0.003244 0.002429
28 0.646190 0.196469 0.005544 0.006554
92 0.635553 0.198872 0.005740 0.010452
92 0.668051 0.198872 0.005740 0.010452
76 0.620966 0.179412 0.003827 0.002927
76 0.653475 0.189271 0.003827 0.002927
30 0.686070 0.194429 0.002714 0.002154
28 0.727845 0.207180 0.005945 0.004185
92 0.708405 0.198872 0.006860 0.010462
92 0.747285 0.198872 0.006860 0.010462
76 0.690961 0.189270 0.004573 0.002929
77 0.729844 0.210018 0.004573 0.002929
30 0.778082 0.199504 0.003362 0.002658
92 0.791275 0.198872 0.005593 0.010462
91 0.811934 0.198872 0.005593 0.010462
8 0.855104 0.194718 0.006149 0.023022
32 0.107436 0.233767 0.006192 0.002181
92 0.171245 0.237815 0.007144 0.005453
34 0.289504 0.227627 0.005002 0.002372
92 0.346171 0.237824 0.005772 0.005931
38 0.468301 0.227809 0.009106 0.006562
5 0.457798 0.241991 0.006891 0.009741
30 0.562143 0.227434 0.008687 0.006376
30 0.562143 0.227434 0.008687 0.006376
30 0.593035 0.229403 0.002696 0.002187
30 0.593035 0.229403 0.002696 0.002187
30 0.616774 0.229458 0.002876 0.002978
30 0.658903 0.233091 0.008627 0.005910
92 0.635547 0.237792 0.003647 0.004475
92 0.668047 0.237792 0.003647 0.004475
76 0.621547 0.224594 0.002431 0.001253
76 0.653441 0.232292 0.002431 0.001253
30 0.699171 0.235277 0.009941 0.005538
28 0.719731 0.235559 0.006588 0.006469
92 0.708406 0.237792 0.004363 0.004685
92 0.747283 0.237792 0.004363 0.004685
76 0.691256 0.232292 0.002908 0.001312
76 0.729786 0.228158 0.002908 0.001312
30 0.779335 0.235350 0.006231 0.006097
92 0.791277 0.237792 0.003557 0.004705
91 0.811934 0.237792 0.003557 0.004705
76 0.772585 0.232292 0.002371 0.001318
30 0.869687 0.233435 0.004914 0.005259
30 0.894784 0.235696 0.002016 0.001717
30 0.909449 0.235691 0.002016 0.001717
5 0.854869 0.242012 0.003876 0.009444
92 0.865521 0.237796 0.002326 0.004293
36 0.467798 0.273106 0.008554 0.005454
5 0.457892 0.281589 0.007302 0.010632
28 0.549639 0.273347 0.002586 0.001954
28 0.565912 0.273336 0.002586 0.001954
28 0.589612 0.275562 0.008906 0.005637
28 0.604918 0.274903 0.005367 0.006050
30 0.632394 0.269168 0.003185 0.002475
30 0.645658 0.275350 0.005544 0.005867
92 0.635547 0.277451 0.003867 0.004851
92 0.668047 0.277451 0.003867 0.004851
76 0.621261 0.267947 0.002578 0.001358
76 0.653450 0.272036 0.002578 0.001358
30 0.698300 0.275420 0.009144 0.005775
28 0.727854 0.281623 0.004009 0.001987
92 0.708407 0.277451 0.004626 0.004968
92 0.747283 0.277451 0.004626 0.004968
76 0.691167 0.272036 0.003084 0.001391
77 0.729885 0.287148 0.003084 0.001391
30 0.770728 0.275379 0.003269 0.001992
92 0.791277 0.277451 0.003772 0.004980
91 0.811934 0.277451 0.003772 0.004980
76 0.772489 0.272036 0.002514 0.001394
5 0.854942 0.281601 0.004117 0.010413
32 0.487352 0.325680 0.008495 0.005958
8 0.458267 0.313091 0.006897 0.009460
91 0.504270 0.317196 0.004138 0.004300
28 0.561345 0.324815 0.002949 0.002200
28 0.589846 0.324987 0.003716 0.002383
28 0.589846 0.324987 0.003716 0.002383
92 0.549509 0.317197 0.002823 0.004341
30 0.628861 0.319429 0.008021 0.005133
30 0.642994 0.318953 0.005013 0.006050
92 0.635547 0.317194 0.003651 0.004323
92 0.668047 0.317194 0.003651 0.004323
77 0.620800 0.322672 0.002434 0.001210
77 0.653488 0.322672 0.002434 0.001210
30 0.698355 0.319256 0.008082 0.005775
28 0.727863 0.325575 0.003785 0.001771
92 0.708407 0.317194 0.004367 0.004427
92 0.747283 0.317194 0.004367 0.004427
77 0.690767 0.322672 0.002911 0.001240
77 0.729892 0.328472 0.002911 0.001240
30 0.770554 0.319276 0.003086 0.001775
92 0.791277 0.317194 0.003561 0.004438
91 0.811934 0.317194 0.003561 0.004438
77 0.772052 0.322672 0.002374 0.001243
8 0.855259 0.313080 0.003890 0.009279
30 0.122746 0.373800 0.002964 0.002699
28 0.145756 0.369653 0.003832 0.002699
34 0.145756 0.369653 0.003832 0.002699
30 0.187371 0.375345 0.009471 0.007480
30 0.204743 0.371158 0.008531 0.007480
30 0.229268 0.365545 0.004838 0.003208
30 0.229268 0.365545 0.004838 0.003208
30 0.228938 0.374044 0.006903 0.004950
30 0.250902 0.369799 0.003540 0.002246
30 0.240676 0.367968 0.003245 0.002338
30 0.256754 0.364870 0.002832 0.002338
30 0.262136 0.375397 0.003009 0.002475
30 0.270600 0.371245 0.009441 0.006921
77 0.220976 0.369787 0.003034 0.002951
77 0.228838 0.369787 0.003034 0.002951
77 0.236684 0.378091 0.003034 0.002951
77 0.244544 0.373939 0.003034 0.002951
77 0.252389 0.369787 0.003034 0.002951
77 0.260251 0.369787 0.003034 0.002951
34 0.295311 0.366737 0.007963 0.006004
30 0.346322 0.373355 0.003598 0.002521
30 0.365678 0.371763 0.003303 0.002704
30 0.389380 0.366949 0.004142 0.004216
30 0.404861 0.364053 0.004483 0.002933
30 0.394343 0.375230 0.004247 0.003713
30 0.401255 0.372644 0.007255 0.006325
30 0.423446 0.364955 0.002772 0.002154
30 0.423446 0.364955 0.002772 0.002154
30 0.438868 0.371102 0.004142 0.004216
30 0.449498 0.366949 0.004142 0.004216
77 0.390769 0.369787 0.003186 0.002951
77 0.399026 0.369787 0.003186 0.002951
77 0.407266 0.378091 0.003186 0.002951
77 0.415522 0.373939 0.003186 0.002951
77 0.423761 0.369787 0.003186 0.002951
77 0.432017 0.369787 0.003186 0.002951
34 0.483023 0.364872 0.002655 0.002063
28 0.509490 0.356476 0.002832 0.002200
28 0.538366 0.352411 0.005654 0.004216
5 0.458104 0.360718 0.010873 0.023189
28 0.549529 0.348255 0.003882 0.004216
28 0.557762 0.352410 0.003882 0.004216
28 0.564647 0.356788 0.002654 0.002063
28 0.564647 0.361038 0.002772 0.002338
30 0.588007 0.363278 0.008611 0.006462
30 0.588007 0.363278 0.008611 0.006462
30 0.598945 0.371100 0.003882 0.004216
30 0.607172 0.375252 0.003882 0.004216
76 0.550828 0.345416 0.002986 0.002951
76 0.559061 0.346963 0.002986 0.002951
76 0.567294 0.351118 0.002986 0.002951
76 0.575542 0.355272 0.002986 0.002951
77 0.583772 0.366163 0.002986 0.002951
77 0.592017 0.369785 0.002986 0.002951
77 0.600245 0.373937 0.002986 0.002951
77 0.608471 0.378089 0.002986 0.002951
28 0.628086 0.365601 0.009142 0.006142
30 0.651797 0.362795 0.004989 0.004216
30 0.658038 0.356754 0.008316 0.006004
28 0.651798 0.344100 0.004989 0.004216
92 0.635546 0.356565 0.005756 0.010541
92 0.668049 0.356564 0.005756 0.010541
77 0.620972 0.371863 0.003837 0.002951
76 0.653470 0.341260 0.003837 0.002951
28 0.696346 0.364504 0.004837 0.003850
30 0.696309 0.353349 0.003539 0.002613
30 0.702183 0.348122 0.002655 0.002063
30 0.727845 0.375254 0.005967 0.004216
30 0.727845 0.366949 0.005967 0.004216
28 0.727845 0.356564 0.005967 0.004216
92 0.708405 0.356565 0.006885 0.010541
92 0.747285 0.356564 0.006885 0.010541
76 0.690959 0.343338 0.004590 0.002951
77 0.729844 0.378091 0.004590 0.002951
34 0.774545 0.376219 0.003834 0.002842
32 0.770642 0.364872 0.004865 0.004216
34 0.770637 0.354487 0.004865 0.004216
30 0.824916 0.350539 0.008199 0.006142
34 0.869388 0.344104 0.009910 0.006371
28 0.910255 0.344914 0.009674 0.006371
30 0.927728 0.348897 0.003067 0.002842
28 0.927519 0.353247 0.002655 0.002063
30 0.927519 0.353247 0.002655 0.002063
5 0.855108 0.360718 0.006172 0.023196
30 0.125352 0.411234 0.005718 0.002383
28 0.133114 0.409115 0.005718 0.002383
34 0.140792 0.411234 0.005718 0.002383
92 0.186408 0.396495 0.006597 0.005958
30 0.266944 0.415487 0.002946 0.002377
30 0.277104 0.411234 0.002946 0.002377
91 0.219653 0.396495 0.003399 0.005942
92 0.251068 0.396495 0.003399 0.005942
34 0.289344 0.407000 0.007304 0.002441
92 0.347566 0.396495 0.008428 0.006102
30 0.439007 0.411234 0.003094 0.002389
30 0.449655 0.407000 0.003094 0.002389
91 0.389379 0.396495 0.003570 0.005972
92 0.422373 0.396495 0.003570 0.005972
34 0.476287 0.402771 0.004220 0.002379
28 0.522813 0.396495 0.004220 0.002379
28 0.538260 0.392324 0.004220 0.002379
5 0.457999 0.400672 0.008115 0.013084
28 0.549259 0.386815 0.003126 0.002704
28 0.557812 0.392324 0.002898 0.002371
28 0.576025 0.394512 0.005780 0.006417
28 0.573718 0.399845 0.006311 0.004400
30 0.588480 0.403238 0.009555 0.006279
30 0.590769 0.407000 0.002898 0.002371
30 0.599083 0.411234 0.002898 0.002371
30 0.607434 0.415487 0.002898 0.002371
76 0.551006 0.385344 0.002229 0.001659
76 0.559171 0.386883 0.002229 0.001659
76 0.567331 0.391030 0.002229 0.001659
76 0.575543 0.395195 0.002229 0.001659
77 0.583783 0.406203 0.002229 0.001659
77 0.592093 0.409892 0.002229 0.001659
77 0.600422 0.414138 0.002229 0.001659
77 0.608788 0.418404 0.002229 0.001659
28 0.628146 0.405702 0.009673 0.006050
30 0.642937 0.399790 0.005780 0.004675
30 0.645075 0.394580 0.005485 0.006279
28 0.658446 0.382731 0.002713 0.002108
92 0.635547 0.396495 0.004298 0.005945
92 0.668048 0.396495 0.004298 0.005945
77 0.620735 0.412013 0.002865 0.001665
76 0.653443 0.381222 0.002865 0.001665
28 0.696619 0.404406 0.004955 0.003438
30 0.696384 0.393430 0.003834 0.002888
30 0.701083 0.388455 0.002714 0.002063
30 0.727865 0.415487 0.004456 0.002392
30 0.727856 0.407000 0.004456 0.002392
28 0.727845 0.396495 0.004456 0.002392
92 0.708407 0.396495 0.005141 0.005981
92 0.747283 0.396495 0.005141 0.005981
76 0.691206 0.383281 0.003428 0.001675
77 0.729890 0.418404 0.003428 0.001675
34 0.774238 0.413352 0.003716 0.003483
32 0.779264 0.403283 0.007078 0.005317
34 0.782249 0.392705 0.003008 0.002338
28 0.824876 0.405145 0.008022 0.006188
32 0.867189 0.401163 0.002655 0.002063
30 0.904420 0.406164 0.003539 0.002613
28 0.904420 0.406164 0.003539 0.002613
30 0.927412 0.405950 0.003126 0.002888
28 0.927412 0.405950 0.003126 0.002888
5 0.855025 0.400676 0.004616 0.013101
30 0.122653 0.434316 0.007664 0.003936
28 0.122653 0.434316 0.007664 0.003936
34 0.141572 0.437692 0.007541 0.004103
92 0.186627 0.435641 0.008702 0.010256
30 0.266775 0.441795 0.003914 0.004103
30 0.276895 0.437692 0.003914 0.004103
91 0.219654 0.435641 0.004516 0.010256
92 0.251068 0.435641 0.004516 0.010256
34 0.294643 0.434304 0.008249 0.003520
92 0.347566 0.435641 0.011197 0.010256
30 0.438869 0.437692 0.004111 0.004103
30 0.449498 0.433590 0.004111 0.004103
91 0.389380 0.435641 0.004743 0.010256
92 0.422373 0.435641 0.004743 0.010256
34 0.476422 0.429487 0.005611 0.004103
6 0.458101 0.435641 0.010791 0.020513
92 0.522872 0.435641 0.006475 0.010256
30 0.588937 0.429694 0.008596 0.005325
30 0.590717 0.433590 0.003852 0.004103
30 0.602664 0.439002 0.005982 0.003971
30 0.602664 0.439002 0.005982 0.003971
91 0.549532 0.435641 0.004444 0.010256
76 0.583770 0.426160 0.002963 0.002872
76 0.592017 0.430262 0.002963 0.002872
76 0.600248 0.434365 0.002963 0.002872
76 0.608478 0.438467 0.002963 0.002872
28 0.624957 0.436215 0.002788 0.002211
30 0.651798 0.429487 0.004951 0.004103
92 0.635548 0.435641 0.005713 0.010256
92 0.668047 0.435641 0.005713 0.010256
76 0.620970 0.430262 0.003808 0.002872
76 0.653469 0.426160 0.003808 0.002872
28 0.700260 0.427683 0.002788 0.002302
30 0.738598 0.440766 0.004414 0.003159
92 0.708408 0.435641 0.006833 0.010256
92 0.747282 0.435641 0.006833 0.010256
76 0.690970 0.424632 0.004556 0.002872
77 0.729845 0.445123 0.004556 0.002872
28 0.782246 0.432058 0.009758 0.006769
30 0.779530 0.444428 0.008364 0.005641
30 0.776802 0.441073 0.003427 0.002753
30 0.779530 0.444428 0.008364 0.005641
30 0.802288 0.441062 0.004356 0.003114
30 0.804883 0.444617 0.007841 0.005235
30 0.802288 0.441062 0.004356 0.003114
30 0.804883 0.444617 0.007841 0.005235
30 0.802288 0.441062 0.004356 0.003114
30 0.822272 0.445897 0.004829 0.004103
30 0.822272 0.441795 0.004829 0.004103
30 0.832590 0.445897 0.004829 0.004103
30 0.832590 0.441795 0.004829 0.004103
30 0.842907 0.445897 0.004829 0.004103
30 0.842907 0.441795 0.004829 0.004103
30 0.863109 0.444284 0.005286 0.004062
30 0.863109 0.444284 0.005286 0.004062
30 0.874565 0.444397 0.004647 0.003430
30 0.874565 0.444397 0.004647 0.003430
30 0.874565 0.444397 0.004647 0.003430
30 0.874565 0.444397 0.004647 0.003430
30 0.874565 0.444397 0.004647 0.003430
30 0.874565 0.444397 0.004647 0.003430
30 0.907492 0.445467 0.005460 0.003791
30 0.903664 0.444021 0.003892 0.003024
30 0.907492 0.445467 0.005460 0.003791
30 0.910721 0.441708 0.005054 0.003385
30 0.907492 0.445467 0.005460 0.003791
30 0.910721 0.441708 0.005054 0.003385
30 0.926944 0.445075 0.002788 0.002392
30 0.910721 0.441708 0.005054 0.003385
6 0.855106 0.435641 0.006125 0.020513
28 0.127021 0.478462 0.007486 0.004103
30 0.121804 0.473168 0.007953 0.003487
32 0.142121 0.478462 0.007486 0.004103
92 0.186847 0.474359 0.008638 0.010256
28 0.266775 0.482564 0.003914 0.004103
28 0.276895 0.478462 0.003914 0.004103
91 0.219654 0.474359 0.004516 0.010256
92 0.251068 0.474359 0.004516 0.010256
32 0.293759 0.473019 0.007958 0.003204
92 0.347566 0.474359 0.011197 0.010256
28 0.438869 0.478462 0.004111 0.004103
28 0.449498 0.474359 0.004111 0.004103
91 0.389380 0.474359 0.004743 0.010256
92 0.422373 0.474359 0.004743 0.010256
32 0.466176 0.473460 0.008131 0.003836
8 0.458101 0.470256 0.010791 0.022564
92 0.522872 0.474359 0.006475 0.010256
28 0.588843 0.470503 0.008944 0.005867
28 0.604123 0.472268 0.005924 0.006679
28 0.602179 0.477506 0.005692 0.004152
28 0.607178 0.482564 0.003852 0.004103
91 0.549532 0.474359 0.004444 0.010256
77 0.583770 0.475635 0.002963 0.002872
77 0.592017 0.479738 0.002963 0.002872
77 0.600248 0.483840 0.002963 0.002872
77 0.608478 0.485368 0.002963 0.002872
30 0.624535 0.474665 0.002788 0.002166
28 0.644968 0.472598 0.005866 0.006544
92 0.635548 0.474359 0.005713 0.010256
92 0.668047 0.474359 0.005713 0.010256
77 0.620970 0.479738 0.003808 0.002872
76 0.653469 0.464877 0.003808 0.002872
30 0.701327 0.465377 0.010455 0.007040
28 0.727845 0.482564 0.005922 0.004103
92 0.708408 0.474359 0.006833 0.010256
92 0.747282 0.474359 0.006833 0.010256
76 0.690970 0.464877 0.004556 0.002872
77 0.729845 0.485368 0.004556 0.002872
34 0.776813 0.475351 0.003543 0.002663
34 0.801575 0.475618 0.003601 0.002798
34 0.863463 0.475688 0.004182 0.002978
34 0.902659 0.475766 0.004763 0.003385
8 0.855106 0.470256 0.006125 0.022564
34 0.081529 0.519180 0.000016 0.003746
30 0.081762 0.515303 0.000016 0.003746
34 0.087017 0.510649 0.006336 0.004028
28 0.161226 0.511954 0.009770 0.005722
30 0.171452 0.514119 0.009072 0.007843
28 0.182130 0.516225 0.010404 0.005870
30 0.193251 0.519382 0.009516 0.007103
28 0.214635 0.516275 0.011385 0.005683
92 0.227086 0.533383 0.005520 0.010071
91 0.250404 0.533383 0.005520 0.010071
28 0.342289 0.515999 0.011503 0.006050
28 0.363264 0.515894 0.011326 0.006142
28 0.383423 0.515889 0.012860 0.006004
5 0.299721 0.537490 0.008394 0.022039
92 0.314553 0.533358 0.005036 0.010018
30 0.414776 0.518526 0.010379 0.007104
28 0.425181 0.520149 0.010320 0.006600
30 0.436594 0.522929 0.008964 0.006554
28 0.447480 0.520832 0.010438 0.005958
30 0.458933 0.519133 0.009259 0.006967
28 0.470123 0.517011 0.009790 0.006004
30 0.481175 0.515278 0.008964 0.007517
28 0.492996 0.511986 0.011028 0.005958
30 0.514160 0.510734 0.008847 0.005546
28 0.524719 0.511727 0.009437 0.005913
30 0.524719 0.511727 0.009437 0.005913
28 0.547893 0.512270 0.009673 0.005958
30 0.559836 0.510872 0.008906 0.005683
30 0.570369 0.514489 0.009201 0.008250
28 0.581234 0.516271 0.009319 0.005958
30 0.591548 0.519159 0.008965 0.006371
28 0.616473 0.516690 0.012212 0.005729
28 0.680430 0.520754 0.011740 0.006004
28 0.698311 0.516358 0.010383 0.005958
67 0.687800 0.516735 0.004004 0.008841
92 0.628958 0.533383 0.006006 0.010047
92 0.654450 0.533383 0.006006 0.010047
76 0.681902 0.518059 0.004004 0.002813
76 0.694723 0.513883 0.004004 0.002813
30 0.719022 0.514971 0.009997 0.007728
30 0.793202 0.519819 0.009631 0.007349
30 0.810919 0.514910 0.008107 0.007112
5 0.708502 0.537541 0.009663 0.022739
67 0.802913 0.514504 0.003865 0.009096
92 0.748669 0.533357 0.005798 0.010336
92 0.772149 0.533366 0.005798 0.010336
76 0.797528 0.515829 0.003865 0.002894
76 0.809261 0.511648 0.003865 0.002894
28 0.833213 0.512122 0.011384 0.006142
30 0.845229 0.527612 0.007845 0.005867
30 0.856511 0.532005 0.008729 0.006279
30 0.867594 0.527841 0.008494 0.005821
28 0.880247 0.525313 0.008317 0.006462
28 0.895828 0.529832 0.008376 0.006050
30 0.906667 0.523209 0.008553 0.007196
30 0.917139 0.527884 0.008199 0.005592
36 0.081491 0.564103 0.000018 0.004103
28 0.087018 0.564103 0.006718 0.004103
28 0.120564 0.572720 0.008374 0.005869
28 0.134404 0.571986 0.009389 0.005376
28 0.161321 0.572225 0.009262 0.005524
30 0.214376 0.570006 0.008710 0.006047
92 0.227230 0.572308 0.005849 0.010256
91 0.250582 0.572308 0.005849 0.010256
30 0.335966 0.566154 0.004581 0.004103
30 0.357072 0.566154 0.004581 0.004103
30 0.378178 0.566154 0.004581 0.004103
5 0.299882 0.576410 0.008810 0.022564
92 0.314860 0.572308 0.005286 0.010256
36 0.401977 0.563765 0.003602 0.002798
28 0.500090 0.563765 0.003311 0.002527
28 0.536897 0.572039 0.008074 0.005235
28 0.559464 0.572381 0.009236 0.005596
28 0.580809 0.572256 0.008888 0.005415
30 0.615860 0.570886 0.008597 0.005461
30 0.679274 0.574617 0.008597 0.005912
30 0.696773 0.570622 0.008074 0.006047
67 0.688557 0.570256 0.004264 0.009026
92 0.629128 0.572308 0.006395 0.010256
92 0.654662 0.572308 0.006395 0.010256
76 0.682067 0.571031 0.004264 0.002872
76 0.694834 0.566929 0.004264 0.002872
28 0.719997 0.567653 0.008412 0.007391
28 0.801621 0.572024 0.005791 0.004122
28 0.810304 0.568816 0.007864 0.005922
5 0.708588 0.576410 0.009809 0.022564
67 0.803446 0.568205 0.003923 0.009026
92 0.748780 0.572308 0.005885 0.010256
92 0.772277 0.572308 0.005885 0.010256
76 0.797495 0.566929 0.003923 0.002872
76 0.809222 0.562826 0.003923 0.002872
30 0.833634 0.566529 0.008597 0.005957
30 0.833634 0.566529 0.008597 0.005957
30 0.856423 0.570830 0.008307 0.006047
30 0.867230 0.566604 0.008307 0.006137
28 0.879189 0.564544 0.008829 0.006544
28 0.895093 0.568959 0.007842 0.005867
30 0.905536 0.562378 0.008190 0.006905
30 0.916668 0.566843 0.008423 0.006273
32 0.081491 0.614359 0.000018 0.004103
28 0.081738 0.610256 0.000018 0.004103
32 0.087018 0.606154 0.006718 0.004103
30 0.160849 0.608146 0.007993 0.005623
28 0.170631 0.609858 0.008374 0.006017
30 0.181287 0.612315 0.008501 0.006017
28 0.192142 0.614237 0.008247 0.006510
30 0.213737 0.612169 0.008768 0.005912
92 0.227230 0.614359 0.005849 0.010256
91 0.250582 0.614359 0.005849 0.010256
30 0.340011 0.612383 0.009234 0.005776
30 0.361617 0.612017 0.010279 0.006544
30 0.382618 0.612080 0.009176 0.006002
5 0.299882 0.618462 0.008810 0.022564
92 0.314860 0.614359 0.005286 0.010256
28 0.401036 0.614336 0.002788 0.002347
30 0.426212 0.616865 0.008191 0.005776
28 0.436727 0.618828 0.008307 0.005822
30 0.447387 0.616913 0.007726 0.006092
28 0.458422 0.614824 0.007900 0.005957
30 0.468485 0.612962 0.008075 0.005867
28 0.479190 0.610809 0.008249 0.006228
30 0.490303 0.608795 0.008597 0.005776
28 0.499506 0.606460 0.002730 0.002166
30 0.524835 0.608831 0.008423 0.006228
28 0.535374 0.606748 0.008307 0.006228
30 0.546159 0.609143 0.008365 0.005731
28 0.558287 0.606624 0.008655 0.005957
28 0.568996 0.611151 0.008655 0.006047
30 0.580174 0.613103 0.008423 0.006183
28 0.590328 0.615286 0.007958 0.005957
30 0.601109 0.611159 0.002962 0.002392
30 0.687229 0.615983 0.006274 0.004377
30 0.687381 0.611677 0.006506 0.004152
67 0.688557 0.612308 0.004264 0.009026
92 0.629128 0.614359 0.006395 0.010256
92 0.654662 0.614359 0.006395 0.010256
76 0.682067 0.613083 0.004264 0.002872
76 0.694834 0.608980 0.004264 0.002872
28 0.718980 0.611693 0.009022 0.005922
28 0.792830 0.616258 0.008229 0.007012
28 0.809731 0.612119 0.007925 0.005733
5 0.708588 0.618462 0.009809 0.022564
67 0.803446 0.610256 0.003923 0.009026
92 0.748780 0.614359 0.005885 0.010256
92 0.772277 0.614359 0.005885 0.010256
76 0.797495 0.608980 0.003923 0.002872
76 0.809222 0.604877 0.003923 0.002872
30 0.820642 0.608025 0.002846 0.002843
28 0.843828 0.624881 0.008597 0.006183
28 0.843828 0.624881 0.008597 0.006183
28 0.865153 0.624806 0.008655 0.006183
30 0.878181 0.622549 0.008713 0.006137
30 0.885921 0.625228 0.005286 0.003475
28 0.897053 0.616533 0.002614 0.002031
28 0.925776 0.621139 0.003021 0.002527
65 0.884565 0.624615 0.004316 0.009026
34 0.081489 0.649999 0.000026 0.008773
30 0.081739 0.645734 0.000026 0.008773
34 0.086707 0.641170 0.012174 0.007582
28 0.160286 0.642392 0.009326 0.005870
30 0.169935 0.645409 0.009072 0.006610
28 0.180629 0.648150 0.009326 0.006166
30 0.191575 0.650108 0.007866 0.006117
28 0.213086 0.647867 0.009911 0.006188
92 0.228002 0.660480 0.010582 0.018983
91 0.251531 0.660480 0.010582 0.018983
28 0.340196 0.647420 0.011444 0.005821
28 0.361489 0.647482 0.010559 0.005958
28 0.381703 0.647068 0.010736 0.006004
8 0.299753 0.656274 0.013108 0.040000
92 0.315100 0.660495 0.007865 0.021822
30 0.400592 0.650220 0.003008 0.006462
28 0.424347 0.652041 0.008197 0.006096
30 0.435837 0.653971 0.008728 0.006371
28 0.446124 0.652022 0.008138 0.006188
30 0.456994 0.649895 0.007667 0.006279
28 0.467903 0.647969 0.009554 0.005775
30 0.479541 0.645728 0.008433 0.006600
28 0.490396 0.642390 0.010497 0.005729
30 0.512653 0.640927 0.009319 0.007883
28 0.523768 0.643290 0.010027 0.006004
30 0.534646 0.640521 0.007962 0.007333
28 0.545513 0.644362 0.009614 0.008158
30 0.558146 0.640954 0.009024 0.007379
30 0.568680 0.645440 0.009260 0.006783
28 0.579179 0.647686 0.010322 0.005913
30 0.590852 0.650333 0.007668 0.006050
28 0.614324 0.647488 0.009498 0.006004
30 0.676920 0.666851 0.008200 0.006188
30 0.696432 0.663154 0.008082 0.005546
67 0.689136 0.662521 0.008009 0.016966
92 0.630047 0.660480 0.012014 0.019280
92 0.655794 0.660479 0.012014 0.019280
28 0.717916 0.660772 0.008534 0.005642
28 0.791544 0.666038 0.008351 0.007302
28 0.808971 0.661154 0.007925 0.005927
8 0.708432 0.656266 0.014605 0.040000
67 0.803711 0.660495 0.005842 0.019072
92 0.749303 0.660495 0.008763 0.021673
92 0.772814 0.660495 0.008763 0.021673
77 0.797474 0.669992 0.005842 0.006068
77 0.809132 0.665894 0.005842 0.006068
30 0.832138 0.659011 0.009378 0.006371
30 0.832138 0.659011 0.009378 0.006371
30 0.854384 0.663305 0.008553 0.006233
30 0.865425 0.659066 0.008729 0.006188
28 0.877238 0.657140 0.008376 0.006188
28 0.886195 0.659899 0.003775 0.003300
30 0.904831 0.655013 0.008670 0.006096
30 0.914686 0.659472 0.008906 0.005592
65 0.885487 0.660489 0.006977 0.018063
36 0.081491 0.694718 0.000018 0.004195
28 0.087019 0.694717 0.006765 0.004188
28 0.120046 0.694446 0.008184 0.005623
28 0.132989 0.694421 0.008057 0.005673
28 0.159764 0.694329 0.008691 0.005574
30 0.212653 0.696613 0.008141 0.006142
92 0.227226 0.698872 0.005878 0.010487
91 0.250582 0.698872 0.005878 0.010487
30 0.339526 0.696513 0.008436 0.005363
30 0.360613 0.696396 0.008318 0.006004
30 0.381247 0.696452 0.008731 0.005546
5 0.299885 0.703026 0.008854 0.023066
92 0.314862 0.698872 0.005313 0.010484
36 0.409551 0.694545 0.004718 0.004308
28 0.512708 0.694645 0.008434 0.005729
28 0.534747 0.694684 0.008198 0.005729
28 0.557494 0.694943 0.008847 0.005637
28 0.579420 0.695015 0.008493 0.005913
30 0.614387 0.697298 0.008613 0.005592
92 0.629124 0.698872 0.006428 0.010490
91 0.654661 0.698872 0.006428 0.010490
5 0.708591 0.703027 0.009858 0.023069
28 0.110800 0.729846 0.006771 0.004197
28 0.131681 0.729369 0.008628 0.005623
28 0.158496 0.729521 0.008818 0.005179
92 0.087020 0.734000 0.007813 0.010492
30 0.211351 0.731804 0.008436 0.005958
92 0.227226 0.734000 0.005885 0.010510
91 0.250582 0.734000 0.005885 0.010510
5 0.299885 0.738155 0.008864 0.023121
28 0.533724 0.729594 0.008257 0.006096
28 0.557029 0.730520 0.008552 0.005637
28 0.578446 0.730174 0.008257 0.005729
92 0.502104 0.734000 0.006118 0.010486
30 0.613512 0.732463 0.008200 0.006004
92 0.629124 0.734000 0.006435 0.010512
91 0.654661 0.734000 0.006435 0.010512
5 0.708591 0.738155 0.009868 0.023120
30 0.103458 0.767851 0.003299 0.002861
30 0.131220 0.770940 0.008628 0.005771
30 0.159209 0.770764 0.008374 0.005327
92 0.087015 0.769059 0.006038 0.006421
30 0.210907 0.770891 0.008967 0.006096
92 0.227228 0.769059 0.004556 0.006420
91 0.250582 0.769059 0.004556 0.006420
8 0.299956 0.764907 0.006875 0.014094
30 0.533708 0.771390 0.008493 0.005867
30 0.556342 0.771665 0.008434 0.005821
30 0.578252 0.771611 0.008375 0.005500
92 0.502100 0.769059 0.004716 0.006339
30 0.613380 0.771808 0.008082 0.005729
92 0.629126 0.769059 0.004962 0.006383
91 0.654662 0.769059 0.004962 0.006383
8 0.708680 0.764910 0.007636 0.014051
34 0.081489 0.816155 0.000011 0.001586
32 0.081491 0.805656 0.000011 0.001586
34 0.081656 0.816155 0.000011 0.001586
32 0.081656 0.805656 0.000011 0.001586
34 0.089354 0.818024 0.006915 0.006166
32 0.097189 0.806506 0.010594 0.004341
34 0.143514 0.814620 0.003933 0.003305
32 0.147450 0.805847 0.004758 0.003552
30 0.211468 0.803264 0.008495 0.006600
28 0.221506 0.805640 0.007846 0.006371
30 0.232458 0.803362 0.008436 0.006050
28 0.243879 0.801633 0.007787 0.006279
30 0.255062 0.799398 0.008377 0.006233
28 0.265045 0.801457 0.008023 0.006050
30 0.275569 0.799422 0.008377 0.006279
28 0.285704 0.797047 0.008200 0.006188
76 0.229053 0.800241 0.002408 0.001164
76 0.240698 0.796153 0.002408 0.001164
76 0.275378 0.796153 0.002408 0.001164
76 0.286877 0.794640 0.002408 0.001164
30 0.309370 0.794431 0.008790 0.007654
28 0.327608 0.797328 0.008082 0.005913
30 0.337690 0.794540 0.007374 0.006875
28 0.347762 0.796896 0.008318 0.006554
30 0.358803 0.794703 0.008436 0.007104
30 0.369729 0.798991 0.008849 0.005958
28 0.379414 0.801102 0.008200 0.005821
30 0.390059 0.803329 0.007846 0.005913
5 0.299719 0.809795 0.005541 0.009122
67 0.321752 0.797476 0.002216 0.003649
76 0.337320 0.792680 0.002216 0.001161
76 0.347752 0.794689 0.002216 0.001161
76 0.379204 0.796174 0.002216 0.001161
76 0.389928 0.800252 0.002216 0.001161
34 0.409591 0.814852 0.005190 0.004217
32 0.409457 0.804969 0.005131 0.003575
34 0.454415 0.814565 0.004600 0.003667
32 0.457804 0.806679 0.004541 0.003667
34 0.509775 0.814691 0.004188 0.002933
32 0.509803 0.804649 0.003893 0.002796
34 0.555513 0.815317 0.004483 0.003208
32 0.555166 0.805414 0.005544 0.004033
30 0.612776 0.804175 0.008377 0.005958
30 0.612776 0.804175 0.008377 0.005958
28 0.621407 0.810394 0.002655 0.002063
28 0.644366 0.805867 0.008200 0.005821
30 0.656179 0.804253 0.008554 0.006508
30 0.666907 0.804013 0.008318 0.006188
30 0.676866 0.808344 0.008082 0.006004
30 0.695055 0.804401 0.007728 0.005729
67 0.688480 0.803584 0.002616 0.003643
77 0.605398 0.806950 0.002616 0.001159
77 0.618183 0.806950 0.002616 0.001159
77 0.630775 0.815353 0.002616 0.001159
77 0.643713 0.811133 0.002616 0.001159
76 0.656511 0.800241 0.002616 0.001159
76 0.669206 0.800241 0.002616 0.001159
76 0.682028 0.804365 0.002616 0.001159
76 0.694595 0.800241 0.002616 0.001159
28 0.728184 0.802319 0.007742 0.005784
28 0.728184 0.802319 0.007742 0.005784
30 0.739469 0.808453 0.007986 0.005453
30 0.757579 0.804268 0.009083 0.006022
28 0.769601 0.801603 0.008351 0.007728
28 0.779928 0.802081 0.008412 0.006259
28 0.791085 0.806864 0.008107 0.005832
28 0.807933 0.802394 0.008047 0.006211
5 0.708360 0.809786 0.006082 0.008897
67 0.756198 0.803599 0.002433 0.003559
67 0.803112 0.801531 0.002433 0.003559
76 0.727152 0.796237 0.002433 0.001132
76 0.738705 0.796227 0.002433 0.001132
76 0.750242 0.804377 0.002433 0.001132
76 0.761942 0.800274 0.002433 0.001132
76 0.773568 0.796198 0.002433 0.001132
76 0.785237 0.796188 0.002433 0.001132
76 0.797095 0.800257 0.002433 0.001132
76 0.808625 0.796168 0.002433 0.001132
30 0.831603 0.800576 0.008612 0.006325
30 0.831603 0.800576 0.008612 0.006325
30 0.852891 0.805110 0.008317 0.006142
30 0.863280 0.800884 0.008612 0.006371
28 0.875853 0.798570 0.008494 0.006096
28 0.884352 0.800825 0.004837 0.006188
30 0.902392 0.796282 0.008729 0.006921
30 0.913318 0.800942 0.009201 0.006279
65 0.883932 0.801538 0.002630 0.003724
76 0.825908 0.796297 0.002630 0.001185
76 0.838478 0.796272 0.002630 0.001185
76 0.851069 0.800300 0.002630 0.001185
76 0.863864 0.796222 0.002630 0.001185
76 0.876645 0.794688 0.002630 0.001185
76 0.889517 0.796171 0.002630 0.001185
76 0.902329 0.792599 0.002630 0.001185
76 0.915417 0.796120 0.002630 0.001185
30 0.081490 0.860385 0.000014 0.002385
30 0.081531 0.860385 0.000014 0.002385
30 0.081532 0.856204 0.000014 0.002385
30 0.081573 0.860385 0.000014 0.002385
30 0.081573 0.856204 0.000014 0.002385
30 0.081614 0.860385 0.000014 0.002385
30 0.081614 0.856204 0.000014 0.002385
34 0.081656 0.860385 0.000014 0.002385
34 0.081656 0.856204 0.000014 0.002385
34 0.088476 0.857804 0.006154 0.006264
34 0.088476 0.857804 0.006154 0.006264
34 0.144805 0.859150 0.011165 0.005672
34 0.143090 0.854974 0.003806 0.002910
28 0.209979 0.858541 0.011091 0.006002
30 0.209979 0.858541 0.011091 0.006002
28 0.231937 0.858675 0.009987 0.006228
30 0.241729 0.856307 0.007897 0.006047
28 0.253950 0.853942 0.008652 0.006498
30 0.264330 0.856099 0.008884 0.006769
28 0.274646 0.854061 0.009523 0.006273
30 0.285391 0.852086 0.008652 0.006363
77 0.228785 0.861153 0.002963 0.001689
77 0.240562 0.859059 0.002963 0.001689
77 0.275801 0.856969 0.002963 0.001689
77 0.287514 0.855416 0.002963 0.001689
28 0.319017 0.850173 0.006620 0.004784
30 0.327350 0.852343 0.008421 0.006228
28 0.337372 0.849969 0.008130 0.005822
30 0.347432 0.852161 0.008305 0.006498
28 0.358932 0.849937 0.008421 0.005822
28 0.369676 0.853751 0.009118 0.006137
30 0.379361 0.856088 0.007840 0.006228
28 0.388509 0.858950 0.010279 0.005957
5 0.299792 0.849952 0.006709 0.013243
67 0.321645 0.852023 0.002684 0.005297
77 0.337407 0.855393 0.002684 0.001686
77 0.348004 0.855397 0.002684 0.001686
77 0.379913 0.859046 0.002684 0.001686
77 0.390612 0.861143 0.002684 0.001686
30 0.410327 0.860869 0.009178 0.007221
30 0.410327 0.860869 0.009178 0.007221
30 0.414945 0.856149 0.003886 0.002462
30 0.426739 0.860317 0.003886 0.002462
30 0.426764 0.856159 0.003886 0.002462
30 0.438604 0.860331 0.003886 0.002462
30 0.438606 0.856169 0.003886 0.002462
34 0.456057 0.858689 0.010747 0.005957
34 0.454010 0.854736 0.004066 0.002933
34 0.510888 0.858938 0.011386 0.005686
34 0.509169 0.854767 0.003485 0.002933
34 0.556040 0.859679 0.011560 0.006814
34 0.554683 0.855277 0.003602 0.002978
28 0.612184 0.859188 0.010456 0.005686
28 0.612184 0.859188 0.010456 0.005686
30 0.623073 0.865242 0.003253 0.002347
30 0.644445 0.861412 0.008365 0.008078
28 0.656564 0.859083 0.009120 0.006228
28 0.666666 0.859204 0.009062 0.006228
28 0.686779 0.861908 0.006157 0.004784
28 0.686705 0.857612 0.006157 0.004648
67 0.688167 0.858292 0.003227 0.005278
77 0.605093 0.861153 0.003227 0.001679
77 0.617960 0.861153 0.003227 0.001679
77 0.630758 0.867462 0.003227 0.001679
77 0.643685 0.863252 0.003227 0.001679
77 0.656562 0.861153 0.003227 0.001679
77 0.669430 0.861153 0.003227 0.001679
77 0.682359 0.865355 0.003227 0.001679
77 0.695164 0.861153 0.003227 0.001679
30 0.728326 0.856650 0.007986 0.006159
30 0.728326 0.856650 0.007986 0.006159
28 0.748792 0.862713 0.006157 0.004501
28 0.757149 0.859634 0.009814 0.006112
30 0.769019 0.856821 0.008351 0.006491
30 0.779660 0.856917 0.007803 0.005828
30 0.798627 0.859875 0.006584 0.003790
30 0.807556 0.857072 0.008047 0.006301
5 0.708474 0.849948 0.007450 0.013195
67 0.755757 0.858260 0.002980 0.005278
67 0.803607 0.856198 0.002980 0.005278
77 0.726739 0.859009 0.002980 0.001679
77 0.738513 0.859015 0.002980 0.001679
77 0.750292 0.865298 0.002980 0.001679
77 0.762141 0.861117 0.002980 0.001679
77 0.773968 0.859034 0.002980 0.001679
77 0.785809 0.859041 0.002980 0.001679
77 0.797740 0.863235 0.002980 0.001679
77 0.809504 0.859053 0.002980 0.001679
28 0.831393 0.855014 0.008887 0.005912
28 0.831393 0.855014 0.008887 0.005912
28 0.853026 0.860265 0.010688 0.005912
28 0.863554 0.855255 0.008423 0.005912
30 0.876115 0.853214 0.008481 0.005957
30 0.884992 0.855915 0.004299 0.002663
28 0.902558 0.850910 0.007842 0.005822
28 0.912668 0.855231 0.008771 0.005957
65 0.884370 0.856190 0.003244 0.005379
77 0.825357 0.856893 0.003244 0.001711
77 0.838224 0.856906 0.003244 0.001711
77 0.851110 0.861081 0.003244 0.001711
77 0.864101 0.856933 0.003244 0.001711
77 0.877081 0.855397 0.003244 0.001711
77 0.890122 0.859046 0.003244 0.001711
77 0.903128 0.855420 0.003244 0.001711
77 0.916209 0.856986 0.003244 0.001711
28 0.081490 0.893780 0.000010 0.001427
30 0.081506 0.891671 0.000010 0.001427
28 0.081531 0.893780 0.000010 0.001427
30 0.081547 0.891671 0.000010 0.001427
28 0.081573 0.893780 0.000010 0.001427
30 0.081589 0.891671 0.000010 0.001427
28 0.081614 0.893780 0.000010 0.001427
30 0.081630 0.891671 0.000010 0.001427
28 0.081656 0.893780 0.000010 0.001427
30 0.081672 0.891671 0.000010 0.001427
28 0.081697 0.893780 0.000010 0.001427
30 0.081713 0.891671 0.000010 0.001427
28 0.081739 0.893780 0.000010 0.001427
30 0.081754 0.891671 0.000010 0.001427
28 0.081780 0.893780 0.000010 0.001427
30 0.081796 0.891671 0.000010 0.001427
32 0.093406 0.892469 0.003679 0.003897
34 0.093406 0.892469 0.003679 0.003897
32 0.144207 0.893604 0.007296 0.005327
34 0.148680 0.890577 0.005456 0.004094
30 0.203356 0.895898 0.002970 0.001496
30 0.203556 0.891671 0.002970 0.001496
30 0.220231 0.891799 0.007846 0.005867
28 0.220719 0.881111 0.008790 0.005867
30 0.231437 0.891621 0.008495 0.006233
28 0.220719 0.881111 0.008790 0.005867
30 0.242185 0.891830 0.007551 0.006004
28 0.242442 0.880898 0.008318 0.006004
30 0.242185 0.891830 0.007551 0.006004
28 0.255875 0.881690 0.005486 0.003804
30 0.255243 0.893019 0.004247 0.003117
28 0.255875 0.881690 0.005486 0.003804
30 0.274103 0.891671 0.002970 0.001496
28 0.273826 0.881264 0.002970 0.001496
30 0.295286 0.893471 0.003363 0.002704
28 0.295779 0.880893 0.003363 0.002704
34 0.310409 0.892801 0.003480 0.002933
32 0.309989 0.881767 0.006017 0.004033
34 0.357431 0.890524 0.003421 0.002613
32 0.360601 0.882096 0.004365 0.002750
6 0.299869 0.885404 0.005269 0.007485
34 0.408465 0.890447 0.004069 0.003208
34 0.412780 0.880266 0.003656 0.002567
34 0.457022 0.892458 0.004069 0.003117
34 0.456837 0.880017 0.005131 0.003667
34 0.513198 0.891556 0.005603 0.006004
34 0.512853 0.880070 0.004424 0.003392
34 0.554198 0.890716 0.004895 0.003529
34 0.554280 0.878144 0.003952 0.003254
30 0.612148 0.892000 0.008377 0.005637
28 0.612402 0.881214 0.008436 0.005408
28 0.676179 0.890226 0.008200 0.005683
28 0.694642 0.886048 0.007728 0.005775
67 0.688558 0.885399 0.002481 0.003277
92 0.629126 0.885399 0.003721 0.003724
92 0.654661 0.885399 0.003721 0.003724
77 0.682367 0.895097 0.002481 0.001043
77 0.695078 0.890877 0.002481 0.001043
30 0.716020 0.883867 0.008290 0.005547
30 0.798999 0.886899 0.006218 0.003793
30 0.807595 0.884366 0.008047 0.005690
6 0.708569 0.885402 0.005775 0.007277
67 0.803225 0.883333 0.002310 0.003202
92 0.748550 0.885402 0.003465 0.003639
92 0.772037 0.885401 0.003465 0.003639
76 0.797286 0.884114 0.002310 0.001019
76 0.808849 0.879995 0.002310 0.001019
28 0.830913 0.881961 0.008670 0.005958
28 0.830913 0.881961 0.008670 0.005958
28 0.851616 0.886633 0.008376 0.005683
28 0.863064 0.881993 0.008317 0.005683
30 0.875632 0.879969 0.008847 0.005729
30 0.891740 0.884410 0.008376 0.005775
28 0.902637 0.877758 0.008553 0.005821
28 0.913450 0.881913 0.008729 0.007242
76 0.825928 0.876027 0.002505 0.001062
76 0.838520 0.876005 0.002505 0.001062
76 0.851125 0.880038 0.002505 0.001062
76 0.863927 0.875960 0.002505 0.001062
76 0.876719 0.875938 0.002505 0.001062
76 0.889655 0.879999 0.002505 0.001062
76 0.902433 0.874377 0.002505 0.001062
76 0.915432 0.875870 0.002505 0.001062
34 0.081492 0.927698 0.000072 0.040000
34 0.081656 0.927698 0.000072 0.040000
34 0.087278 0.927731 0.044394 0.040000
34 0.141789 0.926307 0.003616 0.002762
34 0.208039 0.926577 0.003952 0.003071
34 0.252092 0.926578 0.003068 0.002383
34 0.310027 0.928728 0.003362 0.002704
34 0.361011 0.928638 0.003775 0.002842
8 0.299658 0.921444 0.036171 0.040000
34 0.407886 0.929082 0.002713 0.002200
34 0.452826 0.926342 0.003951 0.003117
34 0.508249 0.926433 0.003480 0.002658
34 0.554163 0.926719 0.004542 0.002933
30 0.611230 0.928357 0.007728 0.005821
30 0.676152 0.932408 0.008141 0.005958
30 0.694496 0.928584 0.008082 0.005775
67 0.688955 0.927668 0.034103 0.040000
92 0.629817 0.925621 0.051155 0.040000
92 0.655511 0.925620 0.051155 0.040000
77 0.682417 0.935048 0.034103 0.040000
77 0.694956 0.930967 0.034103 0.040000
28 0.716372 0.926302 0.008778 0.005879
28 0.789949 0.931072 0.008290 0.005784
28 0.808309 0.926905 0.008107 0.005737
8 0.708361 0.921438 0.043061 0.040000
67 0.803546 0.925626 0.017225 0.040000
92 0.748981 0.925626 0.025837 0.040000
92 0.772482 0.925626 0.025837 0.040000
77 0.797310 0.935112 0.017225 0.040000
77 0.809043 0.931026 0.017225 0.040000
30 0.830840 0.924963 0.008081 0.005958
30 0.842099 0.924983 0.008140 0.005958
30 0.851523 0.929159 0.008317 0.006233
30 0.862659 0.925017 0.008081 0.005958
28 0.875127 0.922736 0.008258 0.005821
28 0.883918 0.925947 0.004365 0.003529
30 0.902361 0.920667 0.008553 0.005363
30 0.923705 0.923279 0.003126 0.002567
65 0.885029 0.925624 0.023731 0.040000
76 0.825477 0.920106 0.023731 0.040000
76 0.838629 0.920118 0.023731 0.040000
76 0.851849 0.924326 0.023731 0.040000
76 0.864811 0.920141 0.023731 0.040000
76 0.877825 0.915939 0.023731 0.040000
76 0.890766 0.920164 0.023731 0.040000
76 0.903777 0.915981 0.023731 0.040000
76 0.916474 0.920188 0.023731 0.040000
