28 0.174824 0.071850 0.009711 0.006190
28 0.201132 0.076426 0.008452 0.005817
30 0.192436 0.069149 0.001333 0.004091
30 0.201132 0.076426 0.008452 0.005817
28 0.198647 0.067074 0.001333 0.004091
28 0.201753 0.071226 0.001333 0.004091
30 0.201132 0.076426 0.008452 0.005817
28 0.201132 0.076426 0.008452 0.005817
67 0.206907 0.075395 0.001025 0.008999
30 0.223678 0.074268 0.008389 0.006003
30 0.239217 0.064919 0.004953 0.004076
28 0.263358 0.062786 0.004953 0.004076
28 0.287584 0.062748 0.004953 0.004076
76 0.216932 0.070460 0.003810 0.002853
76 0.240986 0.062052 0.003810 0.002853
76 0.265131 0.059914 0.003810 0.002853
76 0.289360 0.059871 0.003810 0.002853
30 0.328483 0.065092 0.004273 0.004124
28 0.345977 0.059335 0.006832 0.002373
28 0.345977 0.059335 0.006832 0.002373
28 0.345977 0.059335 0.006832 0.002373
30 0.368448 0.060838 0.008690 0.005398
28 0.378703 0.061902 0.008989 0.005724
30 0.388866 0.064633 0.008390 0.006655
28 0.400100 0.066280 0.010847 0.006050
5 0.314351 0.087967 0.008216 0.022681
76 0.339907 0.055993 0.003287 0.002887
76 0.349887 0.055957 0.003287 0.002887
76 0.359911 0.055920 0.003287 0.002887
76 0.390105 0.062077 0.003287 0.002887
76 0.400228 0.064142 0.003287 0.002887
30 0.421868 0.073366 0.007969 0.005957
30 0.422914 0.061832 0.007669 0.007772
28 0.458231 0.062714 0.004847 0.004176
28 0.480920 0.062703 0.004847 0.004176
30 0.507700 0.064947 0.004751 0.004082
28 0.519197 0.058649 0.004751 0.004082
28 0.530704 0.058622 0.004751 0.004082
28 0.542258 0.058595 0.004751 0.004082
30 0.558038 0.060478 0.008270 0.004840
28 0.569373 0.061594 0.009888 0.005910
30 0.579688 0.064687 0.008510 0.006841
28 0.590141 0.065981 0.009648 0.005817
76 0.520888 0.055786 0.003655 0.002857
76 0.532396 0.055756 0.003655 0.002857
76 0.543952 0.055725 0.003655 0.002857
76 0.578722 0.061947 0.003655 0.002857
76 0.590371 0.064031 0.003655 0.002857
30 0.613968 0.073138 0.008809 0.005864
30 0.627427 0.064910 0.004744 0.004078
28 0.673757 0.062743 0.004744 0.004078
92 0.650562 0.083793 0.005474 0.010194
30 0.765263 0.065049 0.008360 0.004121
28 0.837956 0.062826 0.008360 0.004121
5 0.701567 0.087960 0.016077 0.022666
92 0.729199 0.083809 0.009646 0.010303
92 0.801523 0.083799 0.009646 0.010303
28 0.175805 0.111729 0.009973 0.005913
28 0.193407 0.114221 0.006137 0.005042
30 0.192169 0.108902 0.001276 0.003688
30 0.193407 0.114221 0.006137 0.005042
28 0.198460 0.106832 0.001276 0.003688
28 0.193407 0.114221 0.006137 0.005042
30 0.202148 0.115808 0.008203 0.005729
28 0.202148 0.115808 0.008203 0.005729
67 0.206842 0.115087 0.000982 0.008114
30 0.223781 0.113531 0.008672 0.006050
92 0.239063 0.123434 0.005382 0.009662
91 0.263190 0.123433 0.005382 0.009662
76 0.216925 0.110244 0.003588 0.002705
30 0.336718 0.113412 0.008083 0.006188
30 0.347114 0.113236 0.008378 0.005821
30 0.357944 0.113023 0.007965 0.006371
28 0.369253 0.114864 0.008496 0.006233
30 0.379425 0.117120 0.007906 0.006050
28 0.389337 0.119359 0.007670 0.006096
30 0.399061 0.121419 0.008378 0.006233
5 0.314291 0.127564 0.007889 0.020879
93 0.328437 0.123426 0.004734 0.009490
76 0.339965 0.110293 0.003156 0.002657
76 0.349914 0.110273 0.003156 0.002657
76 0.359911 0.110253 0.003156 0.002657
76 0.390060 0.113806 0.003156 0.002657
76 0.400231 0.117950 0.003156 0.002657
28 0.421235 0.127423 0.008260 0.005821
92 0.435258 0.123431 0.005223 0.009680
91 0.457895 0.123430 0.005223 0.009680
30 0.525155 0.112491 0.008377 0.005775
30 0.536464 0.112708 0.008436 0.006233
30 0.546706 0.113022 0.008318 0.006233
28 0.558177 0.114823 0.008554 0.006096
30 0.568813 0.116938 0.008259 0.005775
28 0.578654 0.119080 0.008082 0.006050
30 0.588267 0.121099 0.008259 0.005913
93 0.507627 0.123435 0.005275 0.009763
76 0.520805 0.110234 0.003516 0.002734
76 0.532283 0.110210 0.003516 0.002734
76 0.543823 0.110186 0.003516 0.002734
76 0.578632 0.113759 0.003516 0.002734
76 0.590336 0.117931 0.003516 0.002734
28 0.613178 0.127202 0.008141 0.005775
30 0.634169 0.112128 0.008731 0.007058
28 0.673670 0.110880 0.004547 0.003920
92 0.650448 0.123433 0.005247 0.009801
30 0.764737 0.113151 0.007972 0.003825
30 0.835400 0.112448 0.008312 0.006095
5 0.701435 0.127518 0.015330 0.021036
92 0.728836 0.123434 0.009198 0.009562
92 0.800917 0.123430 0.009198 0.009562
30 0.174823 0.165718 0.008380 0.005317
30 0.201045 0.169464 0.008085 0.005592
28 0.192121 0.162838 0.001109 0.002794
28 0.192439 0.167354 0.005783 0.003850
30 0.198452 0.160766 0.001109 0.002794
30 0.192439 0.167354 0.005783 0.003850
28 0.201045 0.169464 0.008085 0.005592
30 0.201045 0.169464 0.008085 0.005592
67 0.206919 0.169112 0.000853 0.006146
28 0.223676 0.167349 0.008908 0.006188
28 0.238651 0.158770 0.003837 0.003210
30 0.262631 0.156672 0.003837 0.003210
30 0.287012 0.156615 0.003837 0.003210
77 0.216619 0.172297 0.002951 0.002247
76 0.240428 0.153414 0.002951 0.002247
76 0.264397 0.153330 0.002951 0.002247
76 0.288781 0.153244 0.002951 0.002247
28 0.328481 0.158767 0.003602 0.002931
5 0.314170 0.166941 0.006928 0.016122
92 0.348254 0.162843 0.004157 0.007328
91 0.368341 0.162841 0.004157 0.007328
28 0.422353 0.160860 0.005723 0.005729
30 0.457464 0.156678 0.003889 0.003086
30 0.480279 0.156623 0.003889 0.003086
92 0.412763 0.162855 0.004487 0.007716
28 0.507635 0.158804 0.003821 0.003202
92 0.530129 0.162859 0.004409 0.008004
91 0.553136 0.162857 0.004409 0.008004
28 0.613421 0.167141 0.008141 0.006096
28 0.626912 0.158760 0.003722 0.003273
30 0.673240 0.156605 0.003722 0.003273
92 0.649901 0.162861 0.004294 0.008182
28 0.753985 0.160419 0.005446 0.006169
30 0.847655 0.160157 0.005542 0.004385
5 0.701152 0.166833 0.013283 0.016235
92 0.728200 0.162855 0.007970 0.007380
92 0.799841 0.162849 0.007970 0.007380
28 0.122995 0.202317 0.008662 0.006268
28 0.133631 0.206476 0.008794 0.005806
30 0.144155 0.199482 0.008067 0.006062
30 0.153193 0.204049 0.008000 0.006062
28 0.164940 0.196522 0.011240 0.005960
28 0.175312 0.201379 0.008794 0.006114
30 0.193341 0.207799 0.005885 0.005395
28 0.201530 0.205964 0.008133 0.005651
67 0.198534 0.205321 0.003381 0.009861
30 0.223717 0.203515 0.009467 0.006329
92 0.240093 0.209539 0.006375 0.011180
91 0.264309 0.209540 0.006375 0.011180
28 0.337033 0.187288 0.009289 0.005957
28 0.347277 0.187158 0.008750 0.005864
28 0.358461 0.187488 0.009229 0.005864
30 0.369018 0.189667 0.008450 0.007353
28 0.379729 0.190950 0.009888 0.005957
30 0.389593 0.194749 0.008750 0.006515
28 0.399782 0.196423 0.009768 0.005910
8 0.314966 0.205296 0.009873 0.031742
93 0.329377 0.209555 0.005924 0.014428
76 0.340663 0.185153 0.003949 0.004040
76 0.350846 0.185170 0.003949 0.004040
76 0.361034 0.185186 0.003949 0.004040
76 0.391374 0.191710 0.003949 0.004040
76 0.401418 0.193869 0.003949 0.004040
30 0.422970 0.202885 0.008148 0.006003
92 0.436506 0.209553 0.006884 0.014151
91 0.459287 0.209553 0.006884 0.014151
28 0.525908 0.187183 0.010068 0.006190
28 0.536435 0.187336 0.009229 0.005910
28 0.547416 0.187371 0.009109 0.005910
30 0.558044 0.189839 0.008030 0.007353
28 0.569706 0.191843 0.009828 0.005957
30 0.579166 0.194240 0.008330 0.006795
28 0.588502 0.196308 0.009528 0.005957
93 0.508402 0.209550 0.007234 0.013821
76 0.521610 0.185159 0.004823 0.003870
76 0.533396 0.185211 0.004823 0.003870
76 0.545153 0.185263 0.004823 0.003870
76 0.580010 0.191824 0.004823 0.003870
76 0.591499 0.193986 0.004823 0.003870
30 0.613290 0.202995 0.008629 0.006097
28 0.635186 0.188102 0.010127 0.005957
28 0.677378 0.196443 0.010906 0.005864
92 0.651229 0.209556 0.006781 0.014680
28 0.753824 0.188081 0.008314 0.005811
28 0.804302 0.197056 0.003191 0.002299
8 0.701087 0.205272 0.015989 0.031963
92 0.724254 0.209554 0.009593 0.014529
92 0.783556 0.209555 0.009593 0.014529
30 0.223137 0.238619 0.008200 0.006279
28 0.242903 0.245076 0.008554 0.005913
30 0.263245 0.242550 0.003377 0.002476
30 0.287597 0.242491 0.003377 0.002476
28 0.325702 0.244685 0.008083 0.005867
5 0.314832 0.252863 0.006032 0.012031
92 0.349112 0.248736 0.003619 0.005469
91 0.369207 0.248735 0.003619 0.005469
28 0.442021 0.244261 0.008555 0.005958
30 0.458354 0.242569 0.003450 0.002288
30 0.481077 0.242530 0.003450 0.002288
92 0.413458 0.248741 0.003980 0.005720
28 0.515716 0.244162 0.008613 0.005637
92 0.531507 0.248733 0.004175 0.005529
91 0.554700 0.248733 0.004175 0.005529
28 0.634581 0.244334 0.008145 0.005637
30 0.674159 0.242543 0.003606 0.002256
92 0.605023 0.248733 0.004161 0.005639
92 0.651229 0.248733 0.004161 0.005639
28 0.753867 0.246494 0.005525 0.005748
30 0.807689 0.244395 0.008560 0.005506
5 0.700813 0.252814 0.009567 0.012055
92 0.723414 0.248740 0.005740 0.005480
92 0.782175 0.248737 0.005740 0.005480
28 0.325765 0.292099 0.009145 0.005683
28 0.369636 0.292421 0.008201 0.005683
5 0.315289 0.292603 0.016168 0.040000
92 0.349564 0.288446 0.009701 0.037115
92 0.389701 0.288446 0.009701 0.037115
28 0.423145 0.292116 0.008496 0.005958
92 0.436639 0.288444 0.011973 0.036465
91 0.459449 0.288443 0.011973 0.036465
28 0.517005 0.292164 0.009026 0.005729
92 0.532095 0.288440 0.013510 0.035214
91 0.555424 0.288440 0.013510 0.035214
28 0.614134 0.292271 0.008558 0.005408
28 0.634931 0.283963 0.008499 0.005729
30 0.675043 0.282237 0.012723 0.013498
92 0.652071 0.288436 0.014680 0.033744
28 0.753244 0.286162 0.005603 0.005809
30 0.807726 0.284663 0.008327 0.005930
5 0.701556 0.292631 0.027176 0.040000
92 0.724371 0.288446 0.016305 0.038945
92 0.783739 0.288445 0.016305 0.038945
28 0.326723 0.335629 0.008555 0.005637
28 0.369625 0.335848 0.009145 0.005683
8 0.314953 0.323665 0.011643 0.040000
92 0.349458 0.327864 0.006986 0.019913
92 0.389628 0.327864 0.006986 0.019913
28 0.423440 0.336100 0.009263 0.006188
92 0.436409 0.327863 0.008090 0.019712
91 0.459166 0.327863 0.008090 0.019712
28 0.516739 0.336316 0.008436 0.006188
92 0.531508 0.327864 0.008049 0.020194
91 0.554700 0.327864 0.008049 0.020194
28 0.614133 0.336344 0.008381 0.005317
30 0.655183 0.330102 0.008145 0.005958
92 0.628116 0.327864 0.008021 0.020295
92 0.674321 0.327864 0.008021 0.020295
28 0.724339 0.336224 0.009821 0.008077
30 0.771646 0.330133 0.004591 0.004477
8 0.701054 0.323652 0.018887 0.040000
92 0.753809 0.327864 0.011332 0.020192
92 0.812808 0.327864 0.011332 0.020192
28 0.123521 0.354652 0.010249 0.005808
28 0.134626 0.358906 0.008133 0.005911
30 0.143919 0.351881 0.010050 0.007967
30 0.153897 0.356306 0.007604 0.006168
28 0.165195 0.349571 0.009720 0.005963
28 0.176351 0.353980 0.010579 0.005911
30 0.185275 0.360479 0.008000 0.005911
28 0.202113 0.358677 0.008067 0.006065
67 0.198362 0.358428 0.002502 0.005410
30 0.224024 0.355798 0.008200 0.006646
92 0.240006 0.366751 0.004636 0.006197
91 0.264206 0.366751 0.004636 0.006197
28 0.326556 0.371249 0.009263 0.005958
28 0.326360 0.362187 0.009086 0.005913
30 0.326287 0.351960 0.009912 0.007700
28 0.369845 0.370816 0.009263 0.005683
30 0.369359 0.360304 0.008378 0.005958
28 0.369662 0.349108 0.010974 0.006004
5 0.314943 0.370926 0.006447 0.013671
92 0.349294 0.366752 0.003868 0.006214
92 0.389512 0.366751 0.003868 0.006214
28 0.423536 0.371334 0.008791 0.005913
28 0.423318 0.362470 0.008732 0.006050
30 0.423152 0.351844 0.009558 0.007975
92 0.436238 0.366751 0.004371 0.006200
91 0.458955 0.366751 0.004371 0.006200
28 0.516789 0.370861 0.008908 0.005637
28 0.516604 0.362300 0.009203 0.005729
30 0.516439 0.352231 0.010383 0.007425
28 0.558871 0.370782 0.008731 0.005637
30 0.558783 0.360680 0.008377 0.005958
28 0.559391 0.349083 0.010560 0.005867
92 0.531508 0.366751 0.004462 0.006224
92 0.577871 0.366751 0.004462 0.006224
28 0.614243 0.371270 0.008676 0.005637
28 0.614177 0.362491 0.008558 0.005408
30 0.614090 0.352040 0.009031 0.007379
28 0.655627 0.370870 0.008854 0.006279
30 0.655508 0.360380 0.008795 0.005363
28 0.656009 0.348944 0.009798 0.005500
92 0.628116 0.366751 0.004447 0.006255
92 0.674321 0.366751 0.004447 0.006255
28 0.710376 0.370921 0.008482 0.005627
28 0.710126 0.362750 0.008171 0.005385
30 0.710299 0.352345 0.010039 0.007382
28 0.771810 0.369955 0.005603 0.004417
30 0.782750 0.360519 0.005339 0.002480
28 0.782695 0.350217 0.005339 0.002480
5 0.701004 0.370910 0.010266 0.013638
92 0.753247 0.366752 0.006160 0.006199
92 0.812418 0.366752 0.006160 0.006199
30 0.124125 0.407594 0.007934 0.005706
30 0.134291 0.411852 0.008926 0.006014
28 0.144488 0.404656 0.008331 0.006014
28 0.154183 0.408942 0.008133 0.005603
30 0.165474 0.403003 0.008397 0.006014
30 0.175798 0.407159 0.007868 0.006065
28 0.193724 0.413698 0.006546 0.004318
30 0.202721 0.411063 0.008067 0.005860
67 0.198505 0.411269 0.012474 0.040000
28 0.224050 0.408919 0.008731 0.005637
92 0.240657 0.405107 0.028660 0.040000
91 0.265006 0.405106 0.028660 0.040000
30 0.326438 0.415157 0.009558 0.006325
28 0.326610 0.404829 0.008968 0.005958
30 0.326634 0.394251 0.008732 0.006738
28 0.369752 0.413381 0.009263 0.005867
28 0.370008 0.402950 0.009499 0.006050
30 0.370178 0.394063 0.008024 0.006142
5 0.315289 0.409262 0.024122 0.040000
92 0.349507 0.405113 0.014473 0.040000
92 0.389661 0.405112 0.014473 0.040000
30 0.423288 0.415313 0.008437 0.006462
28 0.423526 0.404672 0.007788 0.005913
30 0.423804 0.394321 0.008083 0.005867
92 0.436538 0.405112 0.018558 0.040000
91 0.459325 0.405111 0.018558 0.040000
30 0.517088 0.415228 0.008495 0.006233
28 0.517360 0.404857 0.008672 0.005821
30 0.517692 0.394556 0.008436 0.006325
28 0.559360 0.413565 0.009144 0.006188
30 0.559546 0.403014 0.008259 0.006096
30 0.559886 0.394601 0.008436 0.006050
92 0.531973 0.405110 0.021934 0.040000
92 0.578289 0.405109 0.021934 0.040000
30 0.614119 0.415522 0.008027 0.006279
28 0.614764 0.405188 0.009149 0.005729
30 0.614657 0.394597 0.007968 0.006050
28 0.655817 0.413762 0.009444 0.006050
30 0.655777 0.402792 0.008617 0.006004
30 0.655853 0.394574 0.007968 0.005775
92 0.628691 0.405107 0.024942 0.040000
92 0.674838 0.405106 0.024942 0.040000
30 0.724796 0.415442 0.021727 0.035673
28 0.732490 0.403666 0.005836 0.005990
30 0.710805 0.395390 0.008327 0.006111
30 0.793383 0.414463 0.002879 0.002239
30 0.774336 0.402731 0.005759 0.004840
30 0.783648 0.394618 0.021727 0.035673
5 0.701547 0.409281 0.041783 0.040000
92 0.754005 0.405113 0.025070 0.040000
92 0.812939 0.405112 0.025070 0.040000
30 0.124766 0.433625 0.008265 0.006011
30 0.134719 0.437525 0.008000 0.005652
28 0.144326 0.430332 0.010182 0.005652
28 0.162241 0.435465 0.002777 0.002107
30 0.165164 0.429035 0.009257 0.007296
30 0.175576 0.433265 0.008728 0.006628
28 0.193786 0.439576 0.006347 0.004110
30 0.202684 0.437329 0.008067 0.005754
67 0.198631 0.437717 0.005163 0.020333
30 0.223508 0.449905 0.008134 0.005009
28 0.234389 0.435532 0.007902 0.006002
28 0.244642 0.435184 0.008308 0.005776
28 0.255308 0.435255 0.008773 0.006273
30 0.273576 0.437422 0.008134 0.006092
28 0.283964 0.439185 0.008483 0.005641
30 0.294146 0.441327 0.007727 0.005867
28 0.304120 0.443648 0.008599 0.005641
76 0.229739 0.432728 0.006744 0.006278
76 0.241988 0.432747 0.006744 0.006278
76 0.254195 0.432767 0.006744 0.006278
76 0.290494 0.438508 0.006744 0.006278
76 0.302479 0.438517 0.006744 0.006278
30 0.327848 0.449826 0.008657 0.005957
28 0.370629 0.435364 0.008773 0.005822
6 0.315058 0.443914 0.012563 0.039385
92 0.349442 0.443914 0.007538 0.022923
92 0.389616 0.443914 0.007538 0.022923
30 0.423226 0.450277 0.008717 0.005776
28 0.434011 0.435041 0.008077 0.005912
28 0.434011 0.435041 0.008077 0.005912
28 0.444216 0.435390 0.008135 0.005776
30 0.465800 0.437932 0.008833 0.006002
28 0.475866 0.439693 0.008426 0.005822
30 0.486589 0.441840 0.008833 0.006183
28 0.496534 0.443936 0.008368 0.005912
76 0.426473 0.432747 0.005809 0.006370
76 0.437926 0.432757 0.005809 0.006370
76 0.449379 0.432767 0.005809 0.006370
76 0.483494 0.438496 0.005809 0.006370
76 0.494816 0.438501 0.005809 0.006370
30 0.517549 0.450409 0.008656 0.005957
28 0.559695 0.435743 0.008540 0.005912
92 0.531723 0.443913 0.009185 0.022432
92 0.578066 0.443913 0.009185 0.022432
30 0.613564 0.450650 0.008945 0.005776
28 0.625537 0.436045 0.008771 0.005912
28 0.625537 0.436045 0.008771 0.005912
28 0.635493 0.435618 0.007900 0.005957
30 0.657352 0.437824 0.008771 0.005551
28 0.668097 0.439795 0.008190 0.006228
30 0.677723 0.442139 0.008422 0.005641
28 0.687555 0.444633 0.008771 0.005731
76 0.618084 0.432774 0.005776 0.006544
76 0.629695 0.432774 0.005776 0.006544
76 0.641329 0.432774 0.005776 0.006544
76 0.676088 0.438487 0.005776 0.006544
76 0.687666 0.438487 0.005776 0.006544
30 0.724251 0.450109 0.010603 0.009319
28 0.741758 0.436221 0.008015 0.006172
28 0.741758 0.436221 0.008015 0.006172
28 0.768503 0.435612 0.010603 0.009319
30 0.783333 0.437699 0.010603 0.009319
28 0.798112 0.439777 0.010603 0.009319
30 0.812811 0.441849 0.010603 0.009319
28 0.827490 0.443914 0.010603 0.009319
6 0.701201 0.443914 0.020390 0.039385
76 0.741119 0.432746 0.008156 0.006523
76 0.756017 0.432754 0.008156 0.006523
76 0.770864 0.432762 0.008156 0.006523
76 0.815228 0.438491 0.008156 0.006523
76 0.829982 0.438495 0.008156 0.006523
28 0.124615 0.474863 0.008067 0.006063
28 0.134420 0.479355 0.008133 0.005909
30 0.145032 0.472928 0.008000 0.005960
30 0.155134 0.477154 0.008000 0.005909
28 0.165976 0.470644 0.011174 0.005909
28 0.175779 0.475179 0.008529 0.005652
30 0.194032 0.481541 0.006083 0.004727
28 0.201920 0.478950 0.007736 0.005703
67 0.198472 0.479487 0.003271 0.009026
28 0.221312 0.491786 0.008192 0.005731
30 0.233676 0.476937 0.008134 0.005686
30 0.244836 0.477376 0.008134 0.005912
30 0.255555 0.477214 0.008134 0.005957
28 0.273604 0.478745 0.008076 0.005822
30 0.283894 0.481056 0.008192 0.006137
28 0.294118 0.483157 0.008076 0.005686
30 0.304603 0.485341 0.008715 0.006092
77 0.229682 0.480764 0.004041 0.002872
77 0.241781 0.480764 0.004041 0.002872
77 0.253880 0.480764 0.004041 0.002872
76 0.290177 0.478211 0.004041 0.002872
76 0.302254 0.482313 0.004041 0.002872
28 0.328130 0.492122 0.009354 0.006589
30 0.370495 0.477001 0.008773 0.005054
8 0.315052 0.479487 0.008386 0.022564
92 0.349376 0.483590 0.005031 0.010256
92 0.389571 0.483590 0.005031 0.010256
28 0.424036 0.492038 0.008717 0.006183
30 0.433738 0.477129 0.008077 0.005461
30 0.433738 0.477129 0.008077 0.005461
30 0.444205 0.477345 0.007903 0.005957
28 0.465483 0.479565 0.008310 0.005551
30 0.475609 0.481481 0.007612 0.005506
28 0.486078 0.484050 0.008310 0.005641
30 0.496481 0.485825 0.008019 0.005641
77 0.426554 0.480764 0.003790 0.002872
77 0.437902 0.480764 0.003790 0.002872
77 0.449271 0.480764 0.003790 0.002872
76 0.483314 0.478211 0.003790 0.002872
76 0.494662 0.482313 0.003790 0.002872
28 0.518256 0.492323 0.008249 0.006228
30 0.560289 0.477679 0.008249 0.005461
92 0.531509 0.483590 0.005803 0.010256
92 0.577871 0.483590 0.005803 0.010256
28 0.612103 0.492060 0.008248 0.005867
30 0.625270 0.477933 0.008655 0.005912
30 0.625270 0.477933 0.008655 0.005912
30 0.635561 0.477778 0.008422 0.005957
28 0.657044 0.479545 0.008364 0.005641
30 0.668062 0.481922 0.007783 0.005370
28 0.677656 0.484087 0.008481 0.005099
30 0.687815 0.486215 0.008829 0.005551
77 0.618264 0.480764 0.003856 0.002872
77 0.629809 0.480764 0.003856 0.002872
77 0.641376 0.480764 0.003856 0.002872
76 0.676012 0.478211 0.003856 0.002872
76 0.687558 0.482313 0.003856 0.002872
28 0.710251 0.492871 0.009183 0.005930
30 0.741667 0.477954 0.008171 0.006232
30 0.741667 0.477954 0.008171 0.006232
30 0.768284 0.477436 0.006976 0.004103
28 0.783758 0.478831 0.002724 0.002178
30 0.793334 0.480731 0.002957 0.002360
28 0.822177 0.482683 0.005759 0.005809
30 0.820277 0.487912 0.005914 0.003812
8 0.701178 0.479487 0.013415 0.022564
77 0.741095 0.480764 0.005366 0.002872
77 0.755882 0.480764 0.005366 0.002872
77 0.770639 0.480764 0.005366 0.002872
76 0.814969 0.478211 0.005366 0.002872
76 0.829755 0.482313 0.005366 0.002872
30 0.105973 0.517514 0.006786 0.004110
30 0.151340 0.525811 0.006786 0.004110
92 0.128592 0.536255 0.007830 0.010276
92 0.174120 0.536255 0.007830 0.010276
30 0.201283 0.525831 0.005151 0.004110
92 0.218476 0.536255 0.005943 0.010276
91 0.235742 0.536255 0.005943 0.010276
32 0.363370 0.518349 0.008202 0.004996
28 0.391208 0.516735 0.007907 0.007242
30 0.399367 0.521159 0.008261 0.006783
28 0.408931 0.523275 0.009501 0.005775
30 0.418264 0.525889 0.008556 0.005958
28 0.447817 0.527887 0.004639 0.004122
5 0.428705 0.540420 0.008921 0.022669
67 0.444083 0.527889 0.003569 0.009067
92 0.462321 0.536244 0.005353 0.010304
91 0.476964 0.536247 0.005353 0.010304
34 0.520358 0.517519 0.005879 0.004109
30 0.557771 0.517465 0.005879 0.004109
30 0.570023 0.521624 0.005879 0.004109
28 0.584888 0.521780 0.008793 0.007333
30 0.594578 0.525783 0.005879 0.004109
28 0.621610 0.524144 0.009973 0.006142
32 0.635591 0.517712 0.008675 0.007654
30 0.653558 0.519158 0.010268 0.006233
28 0.706258 0.522834 0.005277 0.003726
30 0.730994 0.517460 0.010507 0.004115
28 0.764532 0.519538 0.010507 0.004115
28 0.798109 0.515347 0.010507 0.004115
67 0.754720 0.519541 0.008082 0.009053
30 0.846629 0.520742 0.011151 0.004537
5 0.835008 0.540440 0.010299 0.022978
92 0.874139 0.536248 0.006179 0.010445
91 0.891027 0.536251 0.006179 0.010445
30 0.126134 0.565136 0.003825 0.002653
30 0.161088 0.563558 0.004355 0.002790
92 0.142077 0.574359 0.006498 0.010256
92 0.178732 0.574359 0.006498 0.010256
28 0.201283 0.578462 0.005306 0.004103
28 0.253076 0.570256 0.005306 0.004103
92 0.218539 0.574359 0.006123 0.010256
92 0.235819 0.574359 0.006123 0.010256
34 0.283451 0.561048 0.010285 0.005957
30 0.317220 0.562825 0.004590 0.003520
28 0.323777 0.565753 0.008018 0.006183
30 0.315675 0.568125 0.005869 0.005551
28 0.331351 0.570203 0.008018 0.006228
67 0.314001 0.566154 0.003894 0.009026
30 0.362360 0.574279 0.008600 0.005731
92 0.369698 0.574359 0.005551 0.010256
91 0.385365 0.574359 0.005551 0.010256
32 0.456612 0.561121 0.011216 0.005415
28 0.477144 0.562051 0.004729 0.004103
28 0.494961 0.563890 0.008891 0.006498
28 0.496462 0.570256 0.004729 0.004103
30 0.506021 0.572308 0.004729 0.004103
5 0.428767 0.578462 0.009093 0.022564
67 0.483146 0.566154 0.003637 0.009026
28 0.520350 0.574359 0.006063 0.004103
92 0.539137 0.574359 0.006996 0.010256
91 0.557923 0.574359 0.006996 0.010256
28 0.620909 0.566420 0.008422 0.006047
32 0.628552 0.562051 0.004622 0.004103
30 0.654656 0.563871 0.008364 0.005506
67 0.610559 0.566154 0.003555 0.009026
28 0.707450 0.565755 0.006576 0.004923
28 0.744730 0.566145 0.002923 0.002209
30 0.764634 0.564103 0.010830 0.004103
30 0.798188 0.572308 0.010830 0.004103
67 0.688917 0.566154 0.008331 0.009026
67 0.789579 0.572308 0.008331 0.009026
28 0.844200 0.571734 0.003021 0.002392
5 0.835028 0.578462 0.010327 0.022564
92 0.874134 0.574359 0.006196 0.010256
91 0.891025 0.574359 0.006196 0.010256
28 0.106013 0.607750 0.006061 0.003544
30 0.151113 0.601476 0.006061 0.003544
92 0.128402 0.611887 0.006993 0.008861
92 0.173924 0.611886 0.006993 0.008861
28 0.201186 0.616046 0.004584 0.003553
92 0.218335 0.611887 0.005289 0.008882
91 0.235569 0.611887 0.005289 0.008882
5 0.428707 0.616039 0.008371 0.019793
30 0.611179 0.616368 0.009088 0.003942
34 0.638601 0.610216 0.005665 0.006417
28 0.653216 0.611003 0.008793 0.003896
30 0.697459 0.613971 0.009831 0.003642
92 0.731078 0.611879 0.011343 0.009106
91 0.764634 0.611879 0.011343 0.009106
5 0.834936 0.616036 0.009382 0.019347
28 0.108459 0.639373 0.004944 0.002656
30 0.154074 0.656524 0.007981 0.003654
92 0.129206 0.659513 0.005705 0.006641
92 0.173402 0.659511 0.005705 0.006641
28 0.200035 0.667883 0.004075 0.002461
92 0.217739 0.659502 0.004702 0.006154
91 0.235175 0.659502 0.004702 0.006154
8 0.429184 0.655426 0.007161 0.014371
30 0.639469 0.645382 0.008732 0.007104
28 0.664033 0.646657 0.003245 0.002246
30 0.664033 0.646657 0.003245 0.002246
28 0.664033 0.646657 0.003245 0.002246
67 0.649280 0.647203 0.002712 0.005508
91 0.615159 0.659502 0.004068 0.006259
30 0.685158 0.642000 0.008027 0.004446
30 0.704661 0.644485 0.005430 0.004171
28 0.719976 0.646422 0.009089 0.003804
30 0.719976 0.646422 0.009089 0.003804
28 0.736354 0.647203 0.003049 0.002517
67 0.717003 0.647203 0.002345 0.005537
92 0.699767 0.659502 0.003518 0.006292
30 0.768602 0.648532 0.002774 0.002246
30 0.782324 0.643339 0.003069 0.002292
28 0.782324 0.643339 0.003069 0.002292
28 0.809496 0.639205 0.002951 0.002292
30 0.860363 0.644070 0.005901 0.004583
8 0.835488 0.655429 0.008065 0.014109
67 0.852998 0.641346 0.003226 0.005644
92 0.874404 0.659507 0.004839 0.006413
91 0.891435 0.659506 0.004839 0.006413
28 0.107101 0.693954 0.012997 0.010897
28 0.153736 0.695072 0.007981 0.003894
92 0.129891 0.698184 0.014997 0.027242
92 0.174268 0.698184 0.014997 0.027242
28 0.200534 0.702369 0.010394 0.010797
92 0.218101 0.698183 0.011993 0.026993
91 0.235610 0.698183 0.011993 0.026993
5 0.429309 0.702355 0.015101 0.040000
5 0.835595 0.702358 0.017104 0.040000
28 0.106695 0.727196 0.005535 0.002728
28 0.151308 0.735555 0.005535 0.002728
92 0.128939 0.731366 0.006387 0.006820
92 0.173649 0.731366 0.006387 0.006820
28 0.200255 0.735555 0.004314 0.002730
92 0.217739 0.731367 0.004978 0.006826
91 0.235175 0.731367 0.004978 0.006826
5 0.429019 0.735540 0.007416 0.015297
5 0.835279 0.735538 0.008448 0.015304
28 0.107727 0.773864 0.005271 0.002547
28 0.151971 0.773864 0.005271 0.002547
92 0.129931 0.765469 0.006082 0.006368
92 0.173983 0.765469 0.006082 0.006368
28 0.200183 0.773864 0.004169 0.002550
92 0.217739 0.765469 0.004811 0.006374
91 0.235175 0.765469 0.004811 0.006374
8 0.429178 0.761313 0.007161 0.014243
8 0.835455 0.761314 0.008162 0.014265
28 0.106271 0.809231 0.006894 0.004103
28 0.106271 0.801026 0.006894 0.004103
30 0.102415 0.791651 0.005259 0.003992
30 0.151143 0.815385 0.006894 0.004103
28 0.153431 0.801710 0.008352 0.003655
30 0.151143 0.794872 0.006894 0.004103
92 0.128692 0.805128 0.007955 0.010256
92 0.173565 0.805128 0.007955 0.010256
30 0.200328 0.823590 0.005354 0.004103
92 0.217740 0.805128 0.006178 0.010256
91 0.235175 0.805128 0.006178 0.010256
30 0.370028 0.803077 0.004811 0.004103
30 0.392885 0.809092 0.008367 0.005912
30 0.409842 0.812182 0.003196 0.003475
67 0.402246 0.811282 0.003701 0.009026
92 0.354382 0.805128 0.005551 0.010256
76 0.371652 0.799749 0.003701 0.002872
77 0.387319 0.810507 0.003701 0.002872
77 0.407694 0.814610 0.003701 0.002872
28 0.440911 0.817272 0.002904 0.002031
5 0.429106 0.809231 0.009127 0.022564
92 0.462957 0.805128 0.005476 0.010256
91 0.477661 0.805128 0.005476 0.010256
77 0.449854 0.820239 0.003651 0.002872
30 0.521027 0.819487 0.006085 0.004103
30 0.539881 0.815385 0.006085 0.004103
28 0.558547 0.805538 0.002731 0.002121
28 0.583311 0.805128 0.006085 0.004103
77 0.523081 0.822291 0.004681 0.002872
77 0.541936 0.818188 0.004681 0.002872
77 0.560790 0.814610 0.004681 0.002872
76 0.585366 0.799749 0.004681 0.002872
30 0.615161 0.807179 0.004580 0.004103
28 0.640744 0.793831 0.003312 0.002437
30 0.670504 0.795290 0.003196 0.002617
92 0.629352 0.805128 0.005285 0.010256
28 0.687494 0.796923 0.003961 0.004103
28 0.712042 0.792821 0.003961 0.004103
30 0.728649 0.794872 0.003961 0.004103
67 0.684345 0.796923 0.003047 0.009026
92 0.699768 0.805128 0.004571 0.010256
28 0.757853 0.795855 0.005171 0.004062
28 0.773861 0.801026 0.006290 0.004103
30 0.822104 0.801268 0.008193 0.005776
67 0.749373 0.796923 0.004838 0.009026
67 0.807837 0.803077 0.004838 0.009026
92 0.793348 0.805128 0.007258 0.010256
76 0.756496 0.794120 0.004838 0.002872
76 0.775984 0.795647 0.004838 0.002872
76 0.814960 0.799749 0.004838 0.002872
28 0.861196 0.802130 0.005869 0.004152
28 0.908761 0.801026 0.005408 0.004103
5 0.835378 0.809231 0.010401 0.022564
92 0.874762 0.805128 0.006240 0.010256
92 0.891773 0.805128 0.006240 0.010256
30 0.100249 0.852874 0.003464 0.002500
28 0.099855 0.844971 0.009403 0.003798
30 0.101545 0.831121 0.005568 0.004231
30 0.138220 0.854861 0.007609 0.006010
28 0.151419 0.844597 0.024117 0.031565
30 0.151498 0.834090 0.024117 0.031565
92 0.128779 0.844597 0.027827 0.040000
92 0.173812 0.844596 0.027827 0.040000
30 0.200827 0.863139 0.018460 0.029989
92 0.217995 0.844596 0.021300 0.040000
91 0.235480 0.844596 0.021300 0.040000
30 0.283953 0.858128 0.010682 0.005821
30 0.297320 0.854968 0.007318 0.006233
28 0.304946 0.848858 0.006610 0.004263
28 0.332938 0.846500 0.008970 0.005913
77 0.276304 0.861906 0.014580 0.020399
77 0.292845 0.857758 0.014580 0.020399
77 0.309380 0.854139 0.014580 0.020399
76 0.331083 0.839139 0.014580 0.020399
30 0.354416 0.842486 0.019268 0.028977
92 0.370352 0.844593 0.022232 0.040000
91 0.386116 0.844593 0.022232 0.040000
28 0.442323 0.857749 0.003128 0.002429
30 0.465770 0.853270 0.002951 0.002200
30 0.465770 0.853270 0.002951 0.002200
30 0.496900 0.844895 0.008322 0.005867
5 0.429317 0.848750 0.026488 0.040000
67 0.474019 0.850793 0.010595 0.040000
77 0.450336 0.859688 0.010595 0.023173
77 0.464815 0.857655 0.010595 0.023173
77 0.479337 0.854105 0.010595 0.023173
77 0.498596 0.850008 0.010595 0.023173
28 0.530318 0.846851 0.008558 0.005729
92 0.540168 0.844599 0.023240 0.040000
91 0.559108 0.844598 0.023240 0.040000
30 0.615444 0.850827 0.015748 0.032478
30 0.655239 0.842907 0.005841 0.006279
28 0.655239 0.842907 0.005841 0.006279
67 0.611780 0.850832 0.012114 0.040000
92 0.629572 0.844598 0.018171 0.040000
30 0.698688 0.844987 0.003010 0.002338
30 0.720706 0.842028 0.006020 0.004583
28 0.718584 0.846581 0.005194 0.005271
92 0.699953 0.844598 0.016464 0.040000
30 0.754925 0.855010 0.030185 0.029085
30 0.783861 0.849044 0.007969 0.005913
28 0.800198 0.851256 0.007673 0.005913
67 0.769508 0.850830 0.023219 0.040000
92 0.794024 0.844590 0.034828 0.040000
77 0.757154 0.857818 0.023219 0.020359
77 0.776714 0.854154 0.023219 0.020359
77 0.815215 0.854022 0.023219 0.020359
28 0.846626 0.857777 0.009442 0.005775
30 0.858049 0.850804 0.015609 0.032382
30 0.908552 0.854857 0.015609 0.032382
5 0.835594 0.848752 0.030018 0.040000
67 0.853763 0.850806 0.012007 0.040000
92 0.874922 0.844600 0.018011 0.040000
92 0.891922 0.844600 0.018011 0.040000
30 0.124396 0.889599 0.009094 0.006731
28 0.159885 0.875185 0.019714 0.036241
92 0.141506 0.883571 0.022746 0.040000
92 0.177993 0.883571 0.022746 0.040000
30 0.206527 0.887499 0.009147 0.006233
92 0.217981 0.883570 0.023827 0.040000
91 0.235463 0.883570 0.023827 0.040000
30 0.274299 0.889836 0.021550 0.035691
92 0.290981 0.883569 0.024865 0.040000
91 0.307694 0.883569 0.024865 0.040000
28 0.362981 0.889835 0.008379 0.005775
92 0.370344 0.883570 0.030406 0.040000
91 0.386108 0.883569 0.030406 0.040000
28 0.448677 0.895897 0.016059 0.040000
6 0.429121 0.883575 0.030883 0.040000
92 0.463072 0.883575 0.018530 0.040000
91 0.477778 0.883574 0.018530 0.040000
30 0.527394 0.887962 0.002656 0.002063
92 0.540147 0.883573 0.027649 0.040000
91 0.559081 0.883573 0.027649 0.040000
30 0.618495 0.880003 0.002655 0.002063
30 0.643786 0.881491 0.018927 0.040000
28 0.663207 0.866739 0.018927 0.040000
92 0.629557 0.883573 0.021839 0.040000
30 0.687513 0.881481 0.017292 0.040000
30 0.707881 0.883340 0.003659 0.002475
28 0.729046 0.866742 0.017292 0.040000
92 0.699942 0.883572 0.019952 0.040000
30 0.754331 0.872981 0.037947 0.039758
28 0.793989 0.887695 0.037947 0.039758
92 0.774448 0.883566 0.043785 0.040000
92 0.813294 0.883565 0.043785 0.040000
28 0.858187 0.895900 0.017868 0.040000
32 0.879456 0.882701 0.008203 0.003483
28 0.908728 0.887704 0.017868 0.040000
6 0.835398 0.883575 0.034361 0.040000
28 0.669088 0.923333 0.000949 0.004205
28 0.674970 0.919128 0.000949 0.004205
30 0.678949 0.917025 0.000949 0.004205
67 0.674215 0.919128 0.000730 0.009252
92 0.672029 0.923333 0.001095 0.010513
28 0.696007 0.923655 0.008333 0.006190
28 0.705572 0.919128 0.002951 0.004205
30 0.717942 0.917025 0.002951 0.004205
67 0.703226 0.919128 0.002270 0.009252
92 0.696430 0.923333 0.003405 0.010513
28 0.757067 0.917021 0.007309 0.006003
30 0.796941 0.929641 0.005557 0.004205
92 0.779724 0.923333 0.006412 0.010513
92 0.814159 0.923333 0.006412 0.010513
