32 0.351347 0.072429 0.003725 0.004207
28 0.371287 0.071834 0.009110 0.005633
30 0.368862 0.076685 0.002697 0.002095
28 0.390023 0.076635 0.003725 0.004207
30 0.389785 0.081382 0.002697 0.002095
65 0.348418 0.072429 0.002865 0.009254
28 0.416082 0.080555 0.002875 0.002328
67 0.408248 0.080841 0.002987 0.009254
92 0.423530 0.089254 0.004481 0.010516
91 0.435742 0.089254 0.004481 0.010516
34 0.473501 0.066119 0.007624 0.004206
30 0.521422 0.066119 0.007624 0.004206
30 0.527202 0.070039 0.008195 0.006520
30 0.559547 0.071950 0.009258 0.005547
28 0.559754 0.080887 0.008445 0.005498
65 0.563121 0.080841 0.005865 0.009254
30 0.603258 0.082944 0.005042 0.004206
28 0.618320 0.068222 0.005042 0.004206
34 0.633404 0.066119 0.005042 0.004206
5 0.586817 0.093460 0.009697 0.023135
76 0.604960 0.079532 0.003879 0.002944
30 0.667423 0.066119 0.004919 0.004206
28 0.694472 0.068352 0.005931 0.004236
34 0.704512 0.067041 0.005631 0.003677
30 0.737664 0.064604 0.006651 0.002095
28 0.752968 0.068223 0.006062 0.004206
30 0.782630 0.071978 0.008209 0.005912
28 0.782630 0.071978 0.008209 0.005912
34 0.815490 0.076849 0.003454 0.002338
32 0.875094 0.075685 0.009340 0.006864
34 0.351347 0.127674 0.003725 0.004206
30 0.385664 0.125899 0.002877 0.002234
28 0.380522 0.133289 0.002697 0.002095
30 0.380522 0.133289 0.002697 0.002095
28 0.397646 0.133983 0.003725 0.004206
65 0.348832 0.127674 0.002865 0.009254
30 0.411334 0.136086 0.003883 0.004206
67 0.408248 0.136086 0.002987 0.009254
92 0.423530 0.129777 0.004480 0.010516
91 0.435742 0.129777 0.004480 0.010516
30 0.618320 0.123468 0.005042 0.004207
32 0.633403 0.121364 0.005042 0.004207
5 0.586817 0.133983 0.009697 0.023136
92 0.603258 0.129777 0.005818 0.010516
28 0.672760 0.124932 0.003654 0.002979
30 0.672760 0.124932 0.003654 0.002979
32 0.702380 0.120881 0.003115 0.002374
28 0.739388 0.119288 0.008388 0.006564
30 0.752968 0.123468 0.006062 0.004206
28 0.782290 0.128438 0.006711 0.005912
30 0.782290 0.128438 0.006711 0.005912
32 0.818614 0.126201 0.008508 0.005621
34 0.875201 0.130478 0.007996 0.005720
28 0.350868 0.181798 0.002702 0.002762
28 0.362561 0.177589 0.002702 0.002762
30 0.374308 0.171247 0.002702 0.002762
30 0.389645 0.167015 0.002702 0.002762
28 0.410886 0.181757 0.002718 0.002876
92 0.423101 0.169145 0.003136 0.007190
91 0.435218 0.169143 0.003136 0.007190
30 0.480082 0.178427 0.003065 0.002336
30 0.499079 0.178118 0.003628 0.002871
28 0.520169 0.169165 0.004988 0.003210
28 0.559629 0.166890 0.008257 0.005790
30 0.608843 0.166525 0.005571 0.005819
5 0.586552 0.173309 0.007326 0.013809
92 0.617911 0.169125 0.004396 0.006277
91 0.633005 0.169124 0.004396 0.006277
32 0.817777 0.165554 0.007932 0.005671
32 0.873184 0.164941 0.007011 0.003086
28 0.305469 0.219194 0.002365 0.003217
28 0.314035 0.215013 0.002365 0.003217
30 0.333967 0.209848 0.003186 0.002430
30 0.322693 0.202095 0.003776 0.002613
77 0.306335 0.224702 0.001819 0.002252
76 0.314981 0.209553 0.001819 0.002252
76 0.323511 0.205402 0.001819 0.002252
76 0.334634 0.201786 0.001819 0.002252
28 0.350744 0.202594 0.003171 0.003279
92 0.362184 0.215015 0.003659 0.008198
91 0.373811 0.215015 0.003659 0.008198
28 0.410257 0.215018 0.003259 0.003334
28 0.422328 0.210856 0.003259 0.003334
28 0.434431 0.206689 0.003259 0.003334
30 0.450266 0.200436 0.003259 0.003334
67 0.419279 0.210858 0.002507 0.007336
76 0.411599 0.209574 0.002507 0.002334
76 0.423650 0.205416 0.002507 0.002334
76 0.435731 0.203853 0.002507 0.002334
76 0.451554 0.197603 0.002507 0.002334
30 0.516223 0.208761 0.004018 0.003226
92 0.530569 0.215011 0.004636 0.008064
91 0.545038 0.215011 0.004636 0.008064
28 0.602116 0.198481 0.004390 0.003179
28 0.617089 0.198464 0.004390 0.003179
34 0.632106 0.196395 0.004390 0.003179
8 0.585573 0.210859 0.008442 0.017484
65 0.628157 0.196400 0.003377 0.006993
76 0.603834 0.195681 0.003377 0.002225
30 0.672900 0.197884 0.002655 0.002063
28 0.672900 0.197884 0.002655 0.002063
34 0.693587 0.197856 0.006430 0.004493
30 0.738770 0.193165 0.009260 0.005135
28 0.751996 0.198432 0.005180 0.003173
30 0.769662 0.200489 0.005180 0.003173
28 0.787365 0.202550 0.005180 0.003173
34 0.816913 0.205123 0.007966 0.006056
32 0.882280 0.207306 0.008026 0.005683
5 0.585328 0.258326 0.006976 0.011922
32 0.815154 0.249808 0.003294 0.002609
32 0.868391 0.250046 0.007593 0.002354
5 0.585330 0.293211 0.006568 0.010536
8 0.585582 0.319597 0.007598 0.014089
34 0.293607 0.349739 0.003009 0.002246
30 0.321894 0.348038 0.001757 0.001629
28 0.327641 0.350075 0.001757 0.001629
30 0.333365 0.352121 0.001757 0.001629
28 0.339126 0.354175 0.001757 0.001629
67 0.325425 0.350075 0.001351 0.003583
30 0.350708 0.356239 0.002314 0.001640
65 0.348212 0.356239 0.001780 0.003609
92 0.362289 0.358312 0.002670 0.004101
91 0.373939 0.358312 0.002670 0.004101
32 0.409402 0.346659 0.004368 0.003117
28 0.434604 0.346009 0.002413 0.001656
28 0.442503 0.350075 0.002413 0.001656
28 0.450405 0.354175 0.002413 0.001656
30 0.444920 0.358231 0.008204 0.005731
67 0.439459 0.350075 0.001856 0.003643
28 0.525996 0.358382 0.009382 0.005685
92 0.530569 0.358312 0.003317 0.004233
91 0.545038 0.358312 0.003317 0.004233
30 0.602071 0.352147 0.003139 0.001613
34 0.627690 0.348237 0.008022 0.006877
28 0.652802 0.345336 0.008612 0.005639
5 0.585334 0.362464 0.006037 0.008874
63 0.642465 0.346023 0.002415 0.003550
30 0.669736 0.349965 0.003717 0.002338
34 0.682048 0.349801 0.003186 0.002384
30 0.710495 0.349923 0.002773 0.002155
67 0.706612 0.348034 0.002339 0.003611
28 0.739050 0.348799 0.008671 0.006923
30 0.762528 0.351236 0.009024 0.005914
28 0.762528 0.351236 0.009024 0.005914
30 0.787458 0.356239 0.003697 0.001630
32 0.820285 0.358312 0.006562 0.001758
34 0.879463 0.363292 0.007187 0.003307
32 0.307699 0.406091 0.002655 0.002063
28 0.307699 0.406091 0.002655 0.002063
30 0.324773 0.407551 0.004682 0.008912
28 0.331237 0.409623 0.004682 0.008912
30 0.336534 0.414632 0.003304 0.002246
67 0.322258 0.407551 0.003601 0.019606
28 0.345422 0.413065 0.002774 0.003530
65 0.347257 0.413762 0.004175 0.019758
92 0.361629 0.401300 0.006262 0.022452
91 0.373279 0.401300 0.006262 0.022452
34 0.417536 0.403485 0.007962 0.005822
30 0.444203 0.401546 0.008198 0.005776
30 0.442084 0.407551 0.005689 0.009002
30 0.449974 0.411696 0.005689 0.009002
28 0.457872 0.413762 0.005689 0.009002
67 0.439007 0.407551 0.004376 0.019804
30 0.487348 0.415483 0.004834 0.002207
92 0.516898 0.401284 0.022116 0.014967
91 0.557467 0.401286 0.022116 0.014967
28 0.666969 0.405487 0.010481 0.009157
32 0.687441 0.405480 0.010481 0.009157
28 0.725249 0.406321 0.002832 0.002201
67 0.722800 0.405467 0.008062 0.020145
30 0.292910 0.447231 0.003540 0.002888
92 0.308222 0.440267 0.003694 0.010564
91 0.318206 0.440267 0.003694 0.010564
28 0.349994 0.444422 0.003735 0.004226
92 0.361628 0.440267 0.004310 0.010564
91 0.373279 0.440267 0.004310 0.010564
28 0.413385 0.449240 0.003067 0.002659
92 0.421878 0.440267 0.004518 0.010564
91 0.434092 0.440267 0.004518 0.010564
30 0.477885 0.448713 0.002732 0.002125
92 0.515960 0.440267 0.014949 0.010496
91 0.556248 0.440267 0.014949 0.010496
28 0.666853 0.440267 0.006898 0.004227
28 0.692938 0.437484 0.006136 0.004034
30 0.724686 0.441283 0.002655 0.002063
92 0.707718 0.440267 0.007959 0.010567
76 0.669158 0.434819 0.005306 0.002959
76 0.689578 0.434819 0.005306 0.002959
30 0.304192 0.472968 0.002742 0.004083
92 0.312878 0.479199 0.003163 0.010207
91 0.321578 0.479199 0.003163 0.010207
28 0.349995 0.470890 0.003671 0.004082
92 0.361628 0.479199 0.004236 0.010205
91 0.373279 0.479199 0.004236 0.010205
28 0.409681 0.479199 0.003849 0.004082
92 0.421878 0.479199 0.004441 0.010205
91 0.434092 0.479199 0.004441 0.010205
30 0.475699 0.472971 0.012647 0.004107
92 0.515896 0.479200 0.014593 0.010266
91 0.556164 0.479200 0.014593 0.010266
28 0.673210 0.469137 0.008200 0.006097
28 0.685448 0.469033 0.008141 0.006189
30 0.728126 0.468813 0.006771 0.004082
92 0.707711 0.479199 0.007813 0.010205
76 0.669165 0.463900 0.005208 0.002857
76 0.689576 0.463899 0.005208 0.002857
30 0.164154 0.512592 0.003667 0.002301
28 0.205569 0.511840 0.010035 0.006302
92 0.184910 0.529879 0.007323 0.010259
92 0.222854 0.529879 0.007323 0.010259
30 0.245305 0.518848 0.007259 0.007087
28 0.290702 0.519144 0.008014 0.006094
30 0.309158 0.516765 0.010047 0.006094
28 0.309158 0.516765 0.010047 0.006094
28 0.327339 0.515414 0.008711 0.006816
67 0.321897 0.513465 0.005174 0.009028
92 0.267199 0.529879 0.007761 0.010259
34 0.405955 0.512500 0.003484 0.002392
34 0.433307 0.510740 0.008826 0.006952
5 0.397462 0.533983 0.007244 0.022570
67 0.431526 0.507310 0.002898 0.009028
28 0.464382 0.505258 0.005410 0.004104
28 0.500402 0.517569 0.005410 0.004104
30 0.512146 0.515517 0.005410 0.004104
28 0.523868 0.513465 0.005410 0.004104
28 0.535982 0.513465 0.005410 0.004104
67 0.531081 0.513465 0.004161 0.009028
92 0.482392 0.529879 0.006242 0.010259
30 0.550962 0.511413 0.003867 0.004104
28 0.577186 0.513465 0.003867 0.004104
30 0.588356 0.515517 0.003867 0.004104
28 0.599527 0.517569 0.003867 0.004104
30 0.610697 0.519620 0.003867 0.004104
28 0.624049 0.521672 0.003867 0.004104
94 0.629634 0.529879 0.004461 0.010259
30 0.638355 0.523724 0.003818 0.004104
28 0.660414 0.509361 0.003818 0.004104
30 0.671444 0.511413 0.003818 0.004104
28 0.682474 0.513465 0.003818 0.004104
30 0.693504 0.515517 0.003818 0.004104
28 0.704534 0.517569 0.003818 0.004104
30 0.715581 0.519620 0.003818 0.004104
28 0.732581 0.521672 0.001259 0.004104
30 0.736467 0.519620 0.001259 0.004104
28 0.740347 0.517569 0.001259 0.004104
30 0.744227 0.515517 0.001259 0.004104
28 0.748112 0.513465 0.001259 0.004104
30 0.751992 0.511413 0.001259 0.004104
28 0.755872 0.509361 0.001259 0.004104
30 0.760484 0.507310 0.001259 0.004104
5 0.727452 0.533983 0.002422 0.022570
67 0.731580 0.521672 0.000969 0.009028
67 0.759343 0.507310 0.000969 0.009028
28 0.184823 0.567394 0.007832 0.005850
28 0.291439 0.563685 0.015069 0.003917
67 0.277891 0.563692 0.011591 0.008618
92 0.240553 0.572044 0.017387 0.009793
92 0.342548 0.572043 0.017387 0.009793
32 0.418338 0.566153 0.008026 0.006464
32 0.447630 0.563697 0.007672 0.005914
5 0.416300 0.576205 0.004684 0.020721
67 0.439834 0.563709 0.001873 0.008289
30 0.471708 0.561948 0.007966 0.006281
30 0.499342 0.571159 0.007671 0.003393
28 0.499342 0.571159 0.007671 0.003393
30 0.522653 0.569936 0.005022 0.003879
30 0.534852 0.569933 0.005022 0.003879
67 0.530517 0.569934 0.003863 0.008534
92 0.481195 0.572034 0.005795 0.009698
28 0.549650 0.567864 0.003173 0.003904
30 0.572518 0.569943 0.003173 0.003904
28 0.590165 0.569972 0.008497 0.003668
30 0.592118 0.574135 0.003173 0.003904
28 0.601969 0.576243 0.003173 0.003904
30 0.613789 0.578359 0.003173 0.003904
65 0.570233 0.569944 0.002441 0.008590
65 0.611474 0.578357 0.002441 0.008590
28 0.185173 0.605806 0.007512 0.006221
30 0.292207 0.608310 0.017036 0.004206
92 0.241250 0.610413 0.019657 0.010516
92 0.343090 0.610413 0.019657 0.010516
5 0.416332 0.614619 0.004953 0.023136
28 0.549612 0.606206 0.003400 0.004206
30 0.572671 0.608310 0.003400 0.004206
28 0.588852 0.608438 0.008624 0.003212
30 0.592315 0.612516 0.003400 0.004206
28 0.602138 0.614619 0.003400 0.004206
30 0.613878 0.616723 0.003400 0.004206
30 0.125413 0.643134 0.011034 0.006065
28 0.201725 0.647510 0.002691 0.002091
92 0.161840 0.656066 0.011793 0.010259
92 0.222944 0.656066 0.011793 0.010259
30 0.255455 0.647711 0.003216 0.002560
92 0.289141 0.656066 0.010880 0.010259
91 0.317349 0.656066 0.010880 0.010259
34 0.407475 0.641703 0.003748 0.004104
34 0.432428 0.637599 0.003748 0.004104
8 0.395143 0.651962 0.007207 0.022570
67 0.429033 0.637599 0.002883 0.009028
28 0.472143 0.634385 0.006797 0.007132
92 0.479836 0.656066 0.006266 0.010259
91 0.497913 0.656066 0.006266 0.010259
30 0.548652 0.645807 0.003867 0.004104
28 0.562754 0.648182 0.003194 0.002483
30 0.584938 0.651130 0.007898 0.003295
28 0.584938 0.651130 0.007898 0.003295
30 0.608388 0.645807 0.003867 0.004104
30 0.621739 0.645807 0.003867 0.004104
63 0.605298 0.645807 0.002974 0.009028
65 0.619128 0.645807 0.002974 0.009028
28 0.636045 0.643755 0.003818 0.004104
30 0.669135 0.645807 0.003818 0.004104
28 0.680165 0.639651 0.003818 0.004104
30 0.691195 0.641703 0.003818 0.004104
28 0.702225 0.643755 0.003818 0.004104
28 0.713271 0.643755 0.003818 0.004104
67 0.709812 0.643755 0.002937 0.009028
30 0.737495 0.641703 0.002839 0.004104
30 0.746254 0.645807 0.002839 0.004104
28 0.755001 0.647858 0.002839 0.004104
30 0.763748 0.649910 0.002839 0.004104
28 0.767849 0.654941 0.007666 0.003476
30 0.767849 0.654941 0.007666 0.003476
28 0.790002 0.656066 0.002839 0.004104
30 0.800399 0.658117 0.002839 0.004104
8 0.725933 0.651962 0.005459 0.022570
67 0.770251 0.651962 0.002184 0.009028
76 0.738453 0.638899 0.002184 0.002873
76 0.747212 0.643002 0.002184 0.002873
76 0.755959 0.645054 0.002184 0.002873
76 0.764707 0.646582 0.002184 0.002873
76 0.773466 0.646582 0.002184 0.002873
76 0.782213 0.650685 0.002184 0.002873
76 0.790960 0.650685 0.002184 0.002873
76 0.801357 0.654789 0.002184 0.002873
28 0.814946 0.660169 0.007417 0.004104
30 0.841220 0.658117 0.007417 0.004104
28 0.863507 0.654801 0.008480 0.003763
28 0.893801 0.656066 0.007417 0.004104
77 0.817449 0.665550 0.005705 0.002873
77 0.843724 0.661446 0.005705 0.002873
76 0.870031 0.650685 0.005705 0.002873
76 0.896305 0.650685 0.005705 0.002873
28 0.107510 0.689174 0.017815 0.005576
28 0.185937 0.691215 0.008702 0.003765
92 0.144707 0.693413 0.020556 0.013940
92 0.217637 0.693414 0.020556 0.013940
28 0.255424 0.689809 0.003141 0.002501
92 0.289809 0.693414 0.015806 0.014035
91 0.318223 0.693414 0.015806 0.014035
32 0.407060 0.690643 0.005426 0.005089
32 0.431175 0.689038 0.008138 0.005960
5 0.395210 0.697606 0.008995 0.035506
32 0.471190 0.689122 0.008375 0.005960
91 0.498144 0.693424 0.007974 0.015763
32 0.548562 0.689237 0.004818 0.006501
91 0.586046 0.693427 0.005560 0.016252
5 0.726023 0.697611 0.006769 0.034989
30 0.841612 0.682863 0.009780 0.005983
28 0.862950 0.690560 0.008361 0.003807
28 0.894252 0.689247 0.009780 0.005983
92 0.815054 0.693420 0.011285 0.014958
28 0.106629 0.725143 0.008771 0.003156
28 0.184563 0.727611 0.008253 0.003486
92 0.142487 0.729258 0.010120 0.007890
92 0.215889 0.729257 0.010120 0.007890
28 0.261105 0.725074 0.007620 0.002849
92 0.289139 0.729246 0.008792 0.007123
91 0.317348 0.729246 0.008792 0.007123
32 0.406869 0.727197 0.005661 0.005639
32 0.430984 0.725168 0.008433 0.005960
5 0.395081 0.733428 0.005816 0.015045
32 0.461786 0.725102 0.004361 0.002811
91 0.497720 0.729248 0.005032 0.007028
32 0.548738 0.725074 0.003117 0.002727
91 0.586046 0.729246 0.003596 0.006818
5 0.725847 0.733423 0.004424 0.015178
28 0.841168 0.733435 0.006006 0.002766
28 0.862752 0.726326 0.008122 0.003482
28 0.893740 0.725074 0.006006 0.002766
92 0.814943 0.729246 0.006930 0.006915
8 0.395143 0.764042 0.007207 0.022570
8 0.725933 0.764042 0.005459 0.022570
28 0.123946 0.802775 0.008164 0.005648
30 0.128003 0.788644 0.018095 0.007547
28 0.164601 0.802545 0.008433 0.006415
30 0.160031 0.788763 0.018095 0.007547
28 0.192160 0.804331 0.007715 0.006345
28 0.191708 0.790994 0.018095 0.007547
28 0.222813 0.803645 0.018095 0.007547
28 0.222934 0.791097 0.018095 0.007547
76 0.163604 0.785868 0.013920 0.005283
76 0.226470 0.788239 0.013920 0.005283
28 0.261088 0.803566 0.016545 0.007441
30 0.260917 0.792923 0.016545 0.007441
28 0.289832 0.803590 0.016545 0.007441
30 0.289743 0.793007 0.016545 0.007441
28 0.318288 0.795199 0.016545 0.007441
30 0.336669 0.793143 0.016545 0.007441
28 0.354978 0.791100 0.016545 0.007441
28 0.375051 0.791167 0.016545 0.007441
67 0.366627 0.791139 0.012727 0.016370
76 0.292958 0.790115 0.012727 0.005209
76 0.321488 0.792326 0.012727 0.005209
76 0.339862 0.790278 0.012727 0.005209
76 0.358163 0.788243 0.012727 0.005209
76 0.378226 0.788321 0.012727 0.005209
28 0.418092 0.801516 0.008079 0.005318
30 0.407319 0.788803 0.005406 0.008636
28 0.430520 0.803696 0.008433 0.005960
30 0.419924 0.788809 0.005406 0.008636
28 0.430520 0.803696 0.008433 0.005960
28 0.432514 0.790945 0.005406 0.008636
28 0.449670 0.803270 0.002654 0.002063
28 0.445089 0.790951 0.005406 0.008636
5 0.395212 0.811991 0.010396 0.040010
76 0.421196 0.785892 0.004158 0.006045
76 0.446395 0.788041 0.004158 0.006045
28 0.461705 0.803609 0.007995 0.008545
30 0.461497 0.793019 0.007995 0.008545
28 0.479911 0.803615 0.007995 0.008545
30 0.479798 0.793041 0.007995 0.008545
28 0.498049 0.795183 0.007995 0.008545
30 0.509914 0.793077 0.007995 0.008545
28 0.521758 0.790970 0.007995 0.008545
28 0.533967 0.790987 0.007995 0.008545
67 0.529031 0.790980 0.006150 0.018799
76 0.481623 0.790134 0.006150 0.005982
76 0.499892 0.792286 0.006150 0.005982
76 0.511772 0.790177 0.006150 0.005982
76 0.523632 0.788068 0.006150 0.005982
76 0.535854 0.788088 0.006150 0.005982
30 0.548301 0.788744 0.005736 0.008513
30 0.561376 0.788767 0.005736 0.008513
30 0.567039 0.788777 0.005736 0.008513
28 0.574918 0.790922 0.005736 0.008513
28 0.580562 0.790931 0.005736 0.008513
30 0.586202 0.793064 0.005736 0.008513
30 0.591828 0.793072 0.005736 0.008513
28 0.597439 0.795197 0.005736 0.008513
28 0.603047 0.795204 0.005736 0.008513
30 0.608629 0.797322 0.005736 0.008513
30 0.614220 0.797327 0.005736 0.008513
28 0.621951 0.799439 0.005736 0.008513
28 0.627522 0.799444 0.005736 0.008513
30 0.635904 0.801524 0.005497 0.008703
30 0.666215 0.803216 0.002891 0.002201
30 0.666215 0.803216 0.002891 0.002201
28 0.666215 0.803216 0.002891 0.002201
28 0.679623 0.803270 0.002655 0.002063
30 0.679623 0.803270 0.002655 0.002063
30 0.679623 0.803270 0.002655 0.002063
28 0.691195 0.807815 0.005497 0.008703
28 0.696711 0.807815 0.005497 0.008703
30 0.702201 0.809903 0.005497 0.008703
30 0.707710 0.809903 0.005497 0.008703
28 0.713198 0.811986 0.005497 0.008703
28 0.718702 0.811986 0.005497 0.008703
30 0.737617 0.814075 0.004063 0.008492
30 0.741990 0.814074 0.004063 0.008492
28 0.746340 0.811992 0.004063 0.008492
28 0.750703 0.811991 0.004063 0.008492
30 0.755064 0.809905 0.004063 0.008492
30 0.759441 0.809905 0.004063 0.008492
28 0.763802 0.807815 0.004063 0.008492
28 0.768182 0.807815 0.004063 0.008492
30 0.772567 0.805721 0.004063 0.008492
30 0.776937 0.805722 0.004063 0.008492
28 0.781333 0.803624 0.004063 0.008492
28 0.785718 0.803625 0.004063 0.008492
30 0.790114 0.801524 0.004063 0.008492
30 0.794501 0.801525 0.004063 0.008492
28 0.800563 0.799421 0.004063 0.008492
28 0.804952 0.799422 0.004063 0.008492
5 0.726025 0.811994 0.007814 0.040010
67 0.735364 0.814075 0.003125 0.018682
67 0.798301 0.799420 0.003125 0.018682
30 0.814804 0.797229 0.011368 0.008174
30 0.841518 0.801498 0.011368 0.008174
28 0.867970 0.803622 0.011368 0.008174
30 0.881749 0.811991 0.002807 0.002275
67 0.888202 0.814051 0.008745 0.017983
76 0.817295 0.794324 0.008745 0.005722
76 0.844014 0.798072 0.008745 0.005722
76 0.870491 0.798109 0.008745 0.005722
77 0.896466 0.817398 0.008745 0.005722
30 0.146854 0.857220 0.006695 0.002429
28 0.146344 0.841283 0.007805 0.006345
30 0.173590 0.857220 0.006695 0.002429
28 0.174576 0.841246 0.007805 0.006066
30 0.200364 0.857220 0.006695 0.002429
28 0.192357 0.842659 0.008074 0.006485
30 0.227100 0.857220 0.006695 0.002429
28 0.226901 0.842540 0.006695 0.002429
77 0.176576 0.860112 0.005150 0.001700
77 0.230166 0.860112 0.005150 0.001700
30 0.260153 0.855611 0.006955 0.004943
28 0.261105 0.842540 0.007092 0.002468
30 0.288952 0.857220 0.007092 0.002468
28 0.289213 0.842540 0.007092 0.002468
30 0.316036 0.849284 0.008375 0.005641
28 0.335382 0.846929 0.007777 0.005990
30 0.344454 0.844966 0.007852 0.006281
30 0.374317 0.844624 0.007092 0.002468
67 0.366830 0.844624 0.005455 0.005429
77 0.292106 0.860112 0.005455 0.001727
76 0.320534 0.845412 0.005455 0.001727
76 0.338825 0.841246 0.005455 0.001727
76 0.357150 0.841246 0.005455 0.001727
76 0.377404 0.841246 0.005455 0.001727
30 0.406594 0.857951 0.006900 0.003255
28 0.403670 0.843005 0.002654 0.002063
30 0.416698 0.858675 0.002654 0.002063
28 0.419934 0.842544 0.002825 0.002384
30 0.437668 0.854946 0.007018 0.004630
28 0.432384 0.842543 0.002825 0.002384
30 0.450099 0.858634 0.002890 0.002155
28 0.444842 0.842541 0.002825 0.002384
5 0.395081 0.850896 0.005433 0.013110
77 0.421177 0.860100 0.002173 0.001669
77 0.446310 0.860109 0.002173 0.001669
30 0.461554 0.857169 0.004077 0.002431
28 0.461802 0.842561 0.004077 0.002431
30 0.479637 0.857184 0.004077 0.002431
28 0.479758 0.842555 0.004077 0.002431
30 0.488961 0.850563 0.003421 0.002613
28 0.509558 0.846713 0.004077 0.002431
30 0.521323 0.844625 0.004077 0.002431
30 0.533519 0.844623 0.004077 0.002431
67 0.529187 0.844624 0.003136 0.005348
77 0.481453 0.860066 0.003136 0.001702
76 0.499596 0.845416 0.003136 0.001702
76 0.511355 0.841251 0.003136 0.001702
76 0.523117 0.841246 0.003136 0.001702
76 0.535296 0.841241 0.003136 0.001702
28 0.548738 0.842540 0.002912 0.002380
28 0.561583 0.842540 0.002912 0.002380
28 0.567157 0.842540 0.002912 0.002380
30 0.574891 0.844624 0.002912 0.002380
30 0.580471 0.844624 0.002912 0.002380
28 0.586046 0.846712 0.002912 0.002380
28 0.591632 0.846712 0.002912 0.002380
30 0.588766 0.850716 0.002773 0.002338
30 0.602817 0.848804 0.002912 0.002380
28 0.608429 0.850901 0.002912 0.002380
28 0.614027 0.850901 0.002912 0.002380
30 0.621845 0.853003 0.002912 0.002380
30 0.627449 0.853003 0.002912 0.002380
65 0.572283 0.844624 0.002240 0.005236
65 0.619226 0.853003 0.002240 0.005236
28 0.635858 0.855109 0.002875 0.002388
30 0.641678 0.840461 0.002875 0.002388
30 0.647176 0.840461 0.002875 0.002388
30 0.652673 0.840461 0.002875 0.002388
30 0.658171 0.840461 0.002875 0.002388
30 0.663668 0.840461 0.002875 0.002388
28 0.669155 0.842540 0.002875 0.002388
28 0.674659 0.842540 0.002875 0.002388
30 0.680163 0.844624 0.002875 0.002388
30 0.685673 0.844624 0.002875 0.002388
28 0.704884 0.846506 0.002655 0.002063
28 0.704884 0.846506 0.002655 0.002063
30 0.704884 0.846506 0.002655 0.002063
30 0.704884 0.846506 0.002655 0.002063
28 0.713347 0.850901 0.002875 0.002388
28 0.718874 0.850901 0.002875 0.002388
30 0.737380 0.852990 0.002150 0.002408
30 0.741767 0.852991 0.002150 0.002408
28 0.746175 0.850894 0.002150 0.002408
28 0.750547 0.850895 0.002150 0.002408
30 0.754943 0.848802 0.002150 0.002408
30 0.759325 0.848802 0.002150 0.002408
28 0.763697 0.846712 0.002150 0.002408
28 0.768076 0.846712 0.002150 0.002408
30 0.772449 0.844626 0.002150 0.002408
30 0.776814 0.844626 0.002150 0.002408
28 0.781174 0.842544 0.002150 0.002408
28 0.785549 0.842543 0.002150 0.002408
30 0.789886 0.840465 0.002150 0.002408
30 0.794258 0.840464 0.002150 0.002408
28 0.800229 0.838389 0.002150 0.002408
28 0.804598 0.838388 0.002150 0.002408
5 0.725847 0.850892 0.004135 0.013241
67 0.735120 0.852990 0.001654 0.005297
67 0.797978 0.838389 0.001654 0.005297
30 0.815211 0.836316 0.005613 0.002416
28 0.841168 0.850901 0.005613 0.002416
28 0.867527 0.846712 0.005613 0.002416
28 0.898473 0.864644 0.009615 0.005942
30 0.901684 0.851104 0.002807 0.002182
67 0.887982 0.853003 0.004318 0.005316
76 0.817771 0.833494 0.004318 0.001691
77 0.843617 0.856422 0.004318 0.001691
76 0.870016 0.841246 0.004318 0.001691
77 0.896627 0.866491 0.004318 0.001691
28 0.129540 0.877389 0.006080 0.001620
28 0.160376 0.877389 0.006080 0.001620
30 0.186178 0.880007 0.005293 0.006275
30 0.222158 0.879435 0.006080 0.001620
67 0.179584 0.879435 0.004677 0.003564
76 0.163943 0.874607 0.004677 0.001134
76 0.225531 0.876121 0.004677 0.001134
28 0.270401 0.875393 0.003216 0.002268
28 0.289438 0.877389 0.005506 0.001657
34 0.317362 0.883554 0.005506 0.001657
32 0.327048 0.870991 0.002767 0.002210
76 0.292686 0.874607 0.004235 0.001160
28 0.418307 0.877253 0.008020 0.005731
28 0.418307 0.877253 0.008020 0.005731
30 0.430252 0.877245 0.008433 0.005731
30 0.444726 0.879440 0.002205 0.001446
6 0.395140 0.885628 0.004240 0.007230
67 0.428113 0.879445 0.001696 0.003181
76 0.421180 0.874627 0.001696 0.001012
76 0.445903 0.876127 0.001696 0.001012
28 0.472939 0.877288 0.003126 0.002613
28 0.480271 0.876560 0.004423 0.003393
34 0.497631 0.883567 0.003203 0.001522
32 0.503457 0.871087 0.006134 0.002521
76 0.481581 0.874677 0.002464 0.001065
30 0.548561 0.887708 0.002262 0.001442
28 0.571152 0.891988 0.008083 0.006006
30 0.585356 0.891878 0.008260 0.006556
28 0.585356 0.891878 0.008260 0.006556
30 0.608430 0.887708 0.002262 0.001442
30 0.631827 0.889526 0.002950 0.002430
63 0.605333 0.887708 0.001740 0.003173
65 0.619194 0.887708 0.001740 0.003173
28 0.636043 0.885627 0.002234 0.001461
30 0.669113 0.887708 0.002234 0.001461
28 0.680159 0.881490 0.002234 0.001461
30 0.691168 0.883554 0.002234 0.001461
28 0.702226 0.885627 0.002234 0.001461
28 0.713272 0.885626 0.002234 0.001461
67 0.710237 0.885627 0.001718 0.003215
30 0.737503 0.883564 0.001680 0.001463
28 0.746407 0.873373 0.001680 0.001463
30 0.755008 0.875389 0.001680 0.001463
28 0.763655 0.877415 0.001680 0.001463
30 0.772358 0.879452 0.001680 0.001463
28 0.794125 0.881621 0.002891 0.002246
30 0.794125 0.881621 0.002891 0.002246
28 0.800360 0.885627 0.001680 0.001463
6 0.725929 0.885628 0.003230 0.007314
67 0.770115 0.879453 0.001292 0.003218
76 0.738544 0.880236 0.001292 0.001024
76 0.747399 0.870624 0.001292 0.001024
76 0.755978 0.872627 0.001292 0.001024
76 0.764602 0.874641 0.001292 0.001024
76 0.773278 0.876145 0.001292 0.001024
76 0.781949 0.876141 0.001292 0.001024
76 0.790742 0.880220 0.001292 0.001024
76 0.801112 0.880217 0.001292 0.001024
30 0.814833 0.887708 0.004371 0.001493
28 0.841424 0.877389 0.004371 0.001493
28 0.867503 0.877389 0.004371 0.001493
28 0.893802 0.885626 0.004371 0.001493
77 0.817173 0.891105 0.003362 0.001045
76 0.843969 0.874608 0.003362 0.001045
76 0.869971 0.874608 0.003362 0.001045
76 0.896127 0.880210 0.003362 0.001045
30 0.123245 0.913157 0.010496 0.006206
30 0.158787 0.914029 0.007701 0.002300
28 0.199370 0.916832 0.003140 0.002371
28 0.211156 0.916894 0.002691 0.002092
76 0.162381 0.911207 0.005924 0.001610
76 0.225229 0.913271 0.005924 0.001610
30 0.261172 0.918173 0.006865 0.002312
30 0.289250 0.918173 0.006865 0.002312
32 0.325417 0.912045 0.002767 0.002210
76 0.292478 0.914810 0.005281 0.001619
30 0.420666 0.916007 0.002654 0.002063
30 0.420666 0.916007 0.002654 0.002063
28 0.420666 0.916007 0.002654 0.002063
28 0.444798 0.916101 0.002735 0.002234
8 0.395201 0.920258 0.005260 0.012287
76 0.421209 0.911216 0.002104 0.001564
76 0.446026 0.913272 0.002104 0.001564
30 0.467798 0.916797 0.003185 0.002338
30 0.472214 0.919113 0.003716 0.002888
32 0.485827 0.911656 0.005072 0.002567
76 0.481636 0.914836 0.003040 0.001592
30 0.548869 0.914029 0.002819 0.002231
28 0.574938 0.916099 0.002819 0.002231
30 0.586057 0.918173 0.002819 0.002231
28 0.597184 0.916099 0.002819 0.002231
30 0.608286 0.914029 0.002819 0.002231
30 0.631821 0.915928 0.002950 0.002521
63 0.605213 0.914029 0.002168 0.004907
65 0.618970 0.914029 0.002168 0.004907
28 0.636318 0.911963 0.002784 0.002238
30 0.669186 0.914029 0.002784 0.002238
28 0.680153 0.907845 0.002784 0.002238
30 0.691103 0.909902 0.002784 0.002238
28 0.702075 0.911963 0.002784 0.002238
28 0.713051 0.911963 0.002784 0.002238
67 0.709614 0.911963 0.002141 0.004923
30 0.737676 0.909928 0.002082 0.002255
30 0.746319 0.914045 0.002082 0.002255
28 0.768223 0.916507 0.002655 0.002063
30 0.768223 0.916507 0.002655 0.002063
28 0.768223 0.916507 0.002655 0.002063
30 0.782948 0.924571 0.005899 0.003805
28 0.782948 0.924571 0.005899 0.003805
30 0.799034 0.924893 0.008141 0.005410
8 0.726014 0.920262 0.004003 0.012401
67 0.770195 0.920257 0.001601 0.004960
76 0.738664 0.907122 0.001601 0.001578
76 0.747297 0.911227 0.001601 0.001578
76 0.755969 0.913286 0.001601 0.001578
76 0.764663 0.914821 0.001601 0.001578
76 0.773380 0.914819 0.001601 0.001578
76 0.782126 0.918962 0.001601 0.001578
76 0.790857 0.918961 0.001601 0.001578
76 0.801317 0.923125 0.001601 0.001578
28 0.814835 0.928614 0.005433 0.002264
30 0.834534 0.924474 0.007584 0.005664
28 0.860314 0.922534 0.007943 0.005896
28 0.887670 0.922239 0.007524 0.005757
77 0.817209 0.934134 0.004179 0.001585
77 0.843663 0.929921 0.004179 0.001585
76 0.870016 0.918958 0.004179 0.001585
76 0.896218 0.918958 0.004179 0.001585
