59 0.039062 0.484043 0.024414 0.218085
26 0.061279 0.530585 0.025879 0.140957
40 0.095215 0.531915 0.021484 0.111702
95 0.030762 0.167553 0.039062 0.292553
95 0.030762 0.801862 0.041016 0.247340
124 0.145508 0.140957 0.166016 0.212766
124 0.192383 0.809840 0.245117 0.172872
120 0.201660 0.339096 0.252930 0.194149
120 0.192871 0.635638 0.237305 0.175532
59 0.308594 0.442819 0.026367 0.236702
24 0.333740 0.498670 0.031738 0.146277
48 0.348389 0.324468 0.027832 0.234043
53 0.334717 0.652926 0.031738 0.204787
24 0.415039 0.473404 0.032227 0.148936
24 0.414062 0.569149 0.034180 0.106383
26 0.465088 0.452128 0.026855 0.117021
26 0.462402 0.531915 0.027344 0.132979
26 0.529297 0.440160 0.027344 0.119681
26 0.526611 0.518617 0.030762 0.127660
40 0.560059 0.468085 0.021484 0.085106
40 0.560791 0.534574 0.022949 0.106383
95 0.417725 0.809840 0.032715 0.252660
124 0.498535 0.784574 0.136719 0.191489
124 0.495850 0.089096 0.140137 0.178191
95 0.374756 0.086436 0.029785 0.151596
