26 0.013184 0.478610 0.018555 0.144385
63 0.056152 0.614973 0.017578 0.256684
63 0.002686 0.510695 0.005371 0.283422
26 0.069824 0.612299 0.016602 0.144385
24 0.124512 0.371658 0.022461 0.155080
24 0.182129 0.377005 0.020508 0.144385
26 0.236084 0.489305 0.021973 0.165775
26 0.293213 0.614973 0.019043 0.171123
24 0.349854 0.355615 0.016113 0.165775
85 0.454102 0.467914 0.021484 0.165775
86 0.622070 0.489305 0.021484 0.262032
8 0.721191 0.427807 0.028320 0.288770
5 0.898193 0.524064 0.020996 0.459893
26 0.739746 0.815508 0.010742 0.101604
24 0.747803 0.772727 0.012207 0.101604
26 0.759521 0.732620 0.009277 0.117647
24 0.770020 0.697861 0.013672 0.133690
26 0.781006 0.649733 0.012207 0.144385
26 0.801514 0.612299 0.016113 0.101604
24 0.810303 0.553476 0.011230 0.133690
26 0.832275 0.529412 0.014160 0.117647
24 0.840576 0.478610 0.010254 0.144385
26 0.850342 0.446524 0.013184 0.122995
24 0.859131 0.411765 0.012207 0.149733
26 0.866943 0.377005 0.013184 0.144385
24 0.877686 0.350267 0.008301 0.155080
26 0.889404 0.312834 0.011230 0.112299
24 0.909912 0.721925 0.015137 0.139037
26 0.918213 0.655080 0.009277 0.155080
24 0.929932 0.620321 0.010254 0.181818
26 0.938721 0.585561 0.011230 0.197861
24 0.947021 0.564171 0.011230 0.155080
26 0.958740 0.529412 0.014160 0.160428
24 0.967529 0.494652 0.013184 0.133690
26 0.979980 0.457219 0.011719 0.165775
120 0.844971 0.855615 0.202637 0.267380
