142 0.089111 0.435150 0.126465 0.370301
190 0.165039 0.850094 0.093750 0.203947
63 0.187744 0.600094 0.061035 0.249060
63 0.288574 0.581767 0.047852 0.221805
63 0.389404 0.522556 0.050293 0.214286
63 0.484619 0.483083 0.047363 0.189850
63 0.580811 0.429981 0.054199 0.237782
63 0.681885 0.406955 0.047363 0.208647
63 0.774170 0.369361 0.044434 0.238722
63 0.875977 0.343515 0.043945 0.267857
24 0.239258 0.591165 0.064453 0.124060
26 0.338135 0.552632 0.050293 0.118421
24 0.438232 0.515508 0.051270 0.125000
26 0.535156 0.476974 0.055664 0.130639
24 0.635986 0.442669 0.051270 0.105263
26 0.728271 0.399906 0.047363 0.119361
24 0.824219 0.360432 0.053711 0.111842
26 0.932129 0.324718 0.061523 0.115602
125 0.743896 0.900846 0.352051 0.166353
120 0.679932 0.177162 0.534668 0.117481
