24 0.124512 0.584061 0.033203 0.120087
26 0.261719 0.342795 0.036133 0.122271
26 0.400635 0.337336 0.033691 0.115721
24 0.534668 0.431223 0.036133 0.133188
24 0.672363 0.579694 0.041992 0.128821
26 0.820068 0.315502 0.034668 0.124454
72 0.127930 0.478166 0.023438 0.074236
72 0.262939 0.236900 0.021973 0.098253
72 0.400879 0.234716 0.019531 0.072052
72 0.534912 0.307860 0.016113 0.082969
72 0.672852 0.462882 0.020508 0.078603
72 0.823486 0.218341 0.023926 0.061135
72 0.402832 0.949782 0.017578 0.061135
72 0.822998 0.951965 0.020996 0.074236
120 0.130615 0.109170 0.261230 0.170306
120 0.600342 0.102620 0.433105 0.161572
120 0.613525 0.908297 0.392090 0.161572
