5 0.094971 0.507673 0.098145 0.578005
67 0.166016 0.460358 0.037109 0.227621
67 0.200195 0.338235 0.041992 0.200767
67 0.231445 0.489770 0.043945 0.202046
30 0.348633 0.314578 0.067383 0.109974
30 0.571045 0.313299 0.050293 0.107417
24 0.447266 0.289642 0.065430 0.113811
26 0.789551 0.319054 0.062500 0.101023
40 0.621094 0.308824 0.035156 0.080563
86 0.881592 0.484015 0.049316 0.257033
86 0.946777 0.491049 0.046875 0.260870
120 0.386719 0.187340 0.136719 0.116368
122 0.668701 0.207161 0.232910 0.107417
193 0.283691 0.733376 0.043945 0.129156
95 0.320557 0.742967 0.076660 0.194373
190 0.747803 0.730818 0.051270 0.167519
190 0.804932 0.733376 0.064941 0.185422
