7 0.090576 0.424607 0.119629 0.354974
26 0.234375 0.314136 0.065430 0.115183
26 0.344482 0.397382 0.066895 0.089005
26 0.450928 0.314660 0.047363 0.107853
26 0.497070 0.401047 0.056641 0.073298
26 0.544678 0.465445 0.049316 0.109948
26 0.593018 0.542932 0.055176 0.105759
8 0.658203 0.446597 0.091797 0.214660
26 0.388428 0.463874 0.050293 0.098429
26 0.289062 0.539791 0.045898 0.084817
26 0.236328 0.464398 0.044922 0.084817
53 0.242920 0.614136 0.037598 0.229319
28 0.749512 0.286387 0.082031 0.137173
30 0.748291 0.543979 0.061035 0.130890
30 0.870117 0.452356 0.058594 0.098429
30 0.876953 0.542932 0.057617 0.105759
