5 0.086914 0.508951 0.103516 0.588235
67 0.164307 0.485934 0.040527 0.204604
67 0.196045 0.350384 0.039551 0.207161
67 0.235107 0.499361 0.044434 0.187980
30 0.340820 0.466752 0.061523 0.117647
40 0.397461 0.469949 0.030273 0.083120
193 0.303955 0.785166 0.033691 0.120205
95 0.342041 0.792199 0.094238 0.218670
30 0.578369 0.464834 0.062988 0.134271
40 0.629639 0.472506 0.030762 0.072890
26 0.810547 0.474425 0.056641 0.109974
86 0.896484 0.479540 0.046875 0.232737
86 0.960449 0.491049 0.044922 0.255754
190 0.775635 0.821611 0.055176 0.198210
190 0.830566 0.806905 0.058594 0.181586
122 0.688477 0.602302 0.206055 0.120205
122 0.680908 0.328645 0.223145 0.143223
