6 0.097656 0.500669 0.090820 0.414993
67 0.167236 0.483936 0.035645 0.204819
67 0.201416 0.385542 0.037598 0.219545
67 0.236816 0.544846 0.045898 0.187416
61 0.299072 0.434404 0.040527 0.325301
28 0.350098 0.357430 0.056641 0.112450
30 0.345215 0.464525 0.048828 0.115127
28 0.558105 0.354752 0.058594 0.117805
30 0.566162 0.459839 0.058105 0.100402
61 0.519287 0.429050 0.036621 0.295850
26 0.441162 0.309237 0.051270 0.096386
26 0.445557 0.398260 0.047363 0.095047
24 0.793457 0.348059 0.069336 0.093708
24 0.792725 0.445114 0.055176 0.100402
86 0.882568 0.486613 0.053223 0.269076
86 0.940674 0.490629 0.048340 0.261044
40 0.609863 0.313922 0.036133 0.076305
40 0.613770 0.401606 0.039062 0.069612
120 0.391357 0.215529 0.131348 0.115127
120 0.405518 0.522758 0.099121 0.132530
122 0.663818 0.246319 0.231934 0.104418
122 0.670410 0.540161 0.200195 0.119143
193 0.294922 0.790495 0.030273 0.105756
192 0.334229 0.805890 0.074707 0.246319
190 0.760254 0.786479 0.045898 0.226238
190 0.820068 0.766399 0.062988 0.202142
