8 0.094482 0.475904 0.104004 0.389558
67 0.160889 0.528112 0.041504 0.231593
67 0.195068 0.398260 0.037598 0.199465
67 0.239258 0.559572 0.048828 0.192771
61 0.301270 0.459839 0.032227 0.311914
30 0.349365 0.373494 0.047363 0.101740
30 0.348633 0.461178 0.045898 0.097724
30 0.583496 0.380857 0.046875 0.092369
30 0.586426 0.468541 0.044922 0.093708
24 0.452148 0.341365 0.057617 0.096386
24 0.452881 0.433066 0.065918 0.116466
26 0.805664 0.380857 0.053711 0.095047
26 0.809326 0.474565 0.054199 0.092369
61 0.535889 0.465863 0.039551 0.321285
40 0.634521 0.376171 0.042480 0.072289
40 0.632324 0.461847 0.032227 0.066934
86 0.893799 0.442436 0.050293 0.258367
86 0.955566 0.464525 0.041992 0.224900
193 0.304443 0.777778 0.036621 0.115127
95 0.347412 0.769746 0.096191 0.216867
190 0.761230 0.809906 0.063477 0.179384
190 0.829590 0.799866 0.063477 0.199465
122 0.674805 0.265060 0.236328 0.115127
120 0.396484 0.252343 0.113281 0.116466
120 0.394287 0.537483 0.103027 0.089692
122 0.687012 0.582999 0.203125 0.100402
