6 0.062500 0.508916 0.090820 0.362140
26 0.254395 0.175583 0.046875 0.109739
26 0.355713 0.177641 0.049316 0.078189
26 0.635254 0.179012 0.043945 0.086420
26 0.814697 0.178326 0.037598 0.087791
26 0.917725 0.179012 0.042480 0.086420
74 0.354248 0.116598 0.037598 0.035665
74 0.635010 0.121399 0.039551 0.039781
74 0.814697 0.117970 0.035645 0.032922
74 0.916992 0.121399 0.043945 0.039781
53 0.258545 0.399177 0.031738 0.203018
53 0.640137 0.403978 0.036133 0.212620
122 0.158447 0.131001 0.152832 0.116598
