8 0.059814 0.458162 0.087402 0.290809
24 0.257568 0.794239 0.049316 0.093278
26 0.535889 0.537037 0.041504 0.113855
24 0.814453 0.648834 0.045898 0.090535
87 0.349365 0.505487 0.042480 0.165981
87 0.632568 0.515089 0.036621 0.146776
87 0.911621 0.510288 0.035156 0.150892
71 0.252686 0.883402 0.054199 0.093278
71 0.533203 0.693416 0.057617 0.083676
71 0.817383 0.744856 0.053711 0.096022
47 0.286865 0.617284 0.039551 0.224966
47 0.563477 0.399177 0.031250 0.233196
47 0.845215 0.509602 0.032227 0.240055
