7 0.059570 0.434449 0.090820 0.380753
24 0.258057 0.132497 0.054199 0.119944
24 0.359375 0.138773 0.058594 0.107392
24 0.636230 0.134589 0.060547 0.104603
24 0.819824 0.140865 0.067383 0.097629
24 0.918213 0.142957 0.059082 0.110181
122 0.144775 0.088563 0.113770 0.140865
59 0.214844 0.103905 0.032227 0.207810
74 0.353760 0.070432 0.038574 0.037657
74 0.636230 0.074616 0.039062 0.034868
74 0.815674 0.071827 0.037598 0.051604
74 0.915527 0.071827 0.041016 0.040446
53 0.258545 0.405160 0.036621 0.213389
53 0.641113 0.399582 0.036133 0.224547
