5 0.054932 0.508230 0.084473 0.621399
69 0.124512 0.366255 0.037109 0.246914
69 0.158691 0.460905 0.031250 0.244170
26 0.257324 0.688615 0.042969 0.098765
26 0.535400 0.680384 0.040527 0.098765
26 0.812500 0.681070 0.043945 0.102881
87 0.350342 0.507545 0.047363 0.181070
87 0.629395 0.501372 0.046875 0.179698
87 0.911377 0.508916 0.036621 0.153635
71 0.254395 0.772977 0.055664 0.100137
71 0.533691 0.780521 0.052734 0.090535
71 0.814697 0.780521 0.059082 0.101509
47 0.282715 0.546639 0.031250 0.234568
47 0.564209 0.545267 0.031738 0.242798
47 0.847900 0.543210 0.041504 0.227709
