8 0.060547 0.465021 0.090820 0.299040
24 0.259277 0.289438 0.058594 0.093278
24 0.539062 0.286694 0.054688 0.104252
26 0.815674 0.399177 0.037598 0.101509
53 0.258545 0.430727 0.033691 0.205761
53 0.540527 0.443073 0.041016 0.213992
53 0.819824 0.539095 0.035156 0.213992
87 0.349854 0.514403 0.035645 0.153635
87 0.632080 0.511660 0.037598 0.148148
87 0.911865 0.511660 0.037598 0.164609
70 0.256348 0.189300 0.061523 0.106996
70 0.535889 0.190672 0.064941 0.093278
70 0.813965 0.301783 0.059570 0.093278
