6 0.057617 0.506107 0.093750 0.389313
24 0.182617 0.502290 0.032227 0.116031
26 0.211426 0.467176 0.034180 0.106870
24 0.312500 0.500000 0.033203 0.090076
26 0.341797 0.466412 0.034180 0.090076
24 0.378662 0.503817 0.032715 0.100763
26 0.406250 0.472519 0.034180 0.117557
24 0.444336 0.509160 0.032227 0.096183
26 0.472656 0.465649 0.037109 0.103817
24 0.506348 0.501527 0.032227 0.093130
26 0.538330 0.467176 0.036621 0.106870
24 0.628906 0.506107 0.033203 0.096183
26 0.657227 0.468702 0.036133 0.109924
24 0.695801 0.500763 0.033203 0.094656
26 0.724365 0.464122 0.038574 0.106870
24 0.759521 0.501527 0.031738 0.093130
26 0.787598 0.473282 0.034180 0.109924
26 0.860107 0.539695 0.029785 0.102290
26 0.939453 0.540458 0.045898 0.106870
59 0.825439 0.499237 0.028809 0.204580
