5 0.056641 0.495199 0.084961 0.570645
26 0.257568 0.187929 0.047363 0.098765
26 0.358398 0.181756 0.054688 0.105624
26 0.639404 0.187929 0.052246 0.104252
26 0.820068 0.187243 0.052246 0.105624
26 0.918701 0.185871 0.053223 0.108368
59 0.213623 0.147462 0.031738 0.215364
72 0.355713 0.113169 0.031738 0.050754
72 0.638428 0.113169 0.032715 0.050754
72 0.817383 0.115912 0.023438 0.050754
72 0.917236 0.113169 0.026855 0.050754
74 0.355713 0.061728 0.042480 0.027435
74 0.636719 0.063100 0.041016 0.030178
74 0.816650 0.063100 0.037598 0.035665
74 0.917725 0.065844 0.038574 0.030178
122 0.141357 0.137860 0.120605 0.089163
53 0.259766 0.400549 0.034180 0.200274
53 0.641602 0.403292 0.031250 0.200274
