6 0.060303 0.583969 0.093262 0.413740
26 0.210205 0.314504 0.051270 0.112977
26 0.339355 0.318321 0.043945 0.090076
26 0.403320 0.312977 0.043945 0.109924
26 0.469971 0.316031 0.038574 0.103817
26 0.537354 0.310687 0.038574 0.114504
26 0.656982 0.311450 0.040527 0.106870
26 0.723633 0.312214 0.043945 0.096183
26 0.790039 0.309924 0.040039 0.106870
24 0.862793 0.357252 0.045898 0.119084
24 0.941162 0.358779 0.055176 0.103817
24 0.212646 0.506107 0.051270 0.102290
24 0.345703 0.507634 0.056641 0.105344
24 0.406982 0.505344 0.036621 0.103817
24 0.472900 0.506107 0.039551 0.096183
24 0.540283 0.508397 0.052246 0.106870
24 0.660645 0.500763 0.045898 0.106870
24 0.726562 0.506870 0.042969 0.106870
24 0.793945 0.507634 0.046875 0.108397
26 0.861572 0.534351 0.048340 0.134351
26 0.939697 0.538168 0.035645 0.126718
59 0.824951 0.321374 0.025879 0.200000
