5 0.050049 0.503053 0.074707 0.630534
69 0.109619 0.358015 0.037598 0.233588
69 0.142578 0.480916 0.031250 0.219847
87 0.340332 0.509160 0.039062 0.157252
87 0.659668 0.511450 0.047852 0.180153
26 0.211670 0.679389 0.040527 0.103817
26 0.540039 0.683969 0.041992 0.106870
24 0.864014 0.790076 0.050293 0.102290
24 0.941895 0.792366 0.045898 0.106870
71 0.211670 0.781679 0.051270 0.100763
71 0.539551 0.780153 0.053711 0.103817
71 0.857910 0.885496 0.051758 0.106870
71 0.939697 0.890076 0.048340 0.103817
47 0.240967 0.547328 0.037598 0.233588
47 0.566406 0.538931 0.034180 0.216794
