5 0.058838 0.502743 0.089355 0.574760
69 0.127686 0.366255 0.041504 0.227709
26 0.260010 0.248971 0.054199 0.102881
26 0.354736 0.249657 0.051270 0.101509
26 0.637207 0.252401 0.052734 0.090535
26 0.813721 0.252401 0.050293 0.106996
26 0.918945 0.255144 0.046875 0.090535
53 0.257568 0.410151 0.029785 0.224966
53 0.640869 0.402606 0.027832 0.204390
72 0.357422 0.179012 0.020508 0.045267
72 0.635742 0.181756 0.023438 0.050754
72 0.814697 0.180384 0.024902 0.048011
72 0.917236 0.183128 0.020020 0.048011
74 0.355225 0.127572 0.039551 0.038409
74 0.636230 0.133059 0.039062 0.032922
74 0.816162 0.130316 0.038574 0.038409
74 0.916748 0.130316 0.040527 0.027435
122 0.184814 0.208505 0.096191 0.074074
120 0.226562 0.102195 0.222656 0.155007
120 0.815186 0.058985 0.358887 0.093278
