6 0.061279 0.506173 0.086426 0.386831
26 0.254883 0.172840 0.041992 0.087791
26 0.357422 0.185871 0.041992 0.089163
26 0.635742 0.180384 0.042969 0.113855
26 0.814697 0.179012 0.041504 0.105624
26 0.911377 0.186557 0.044434 0.101509
74 0.356445 0.115226 0.035156 0.038409
74 0.636719 0.112483 0.042969 0.038409
74 0.818848 0.115226 0.045898 0.038409
74 0.916016 0.112483 0.037109 0.038409
122 0.162842 0.128944 0.145996 0.090535
53 0.256836 0.402606 0.031250 0.209877
53 0.641113 0.397119 0.034180 0.212620
