7 0.055420 0.436641 0.085449 0.357252
24 0.213135 0.434351 0.046387 0.087023
26 0.213135 0.541221 0.039551 0.093130
26 0.505371 0.396183 0.034180 0.135878
24 0.539307 0.361832 0.038574 0.103817
24 0.828125 0.431298 0.036133 0.126718
26 0.863281 0.400763 0.036133 0.087023
87 0.338623 0.509160 0.040527 0.151145
87 0.654785 0.507634 0.032227 0.154198
87 0.933350 0.509160 0.041504 0.163359
53 0.215820 0.680153 0.034180 0.184733
53 0.541016 0.543511 0.031250 0.210687
53 0.862305 0.567176 0.032227 0.233588
70 0.210449 0.313740 0.048828 0.087023
70 0.539062 0.267176 0.060547 0.100763
70 0.859131 0.303817 0.051270 0.106870
