5 0.055664 0.487654 0.077148 0.561043
26 0.257568 0.251715 0.051270 0.108368
26 0.254395 0.387517 0.044922 0.113855
26 0.357422 0.251029 0.054688 0.104252
26 0.355469 0.399177 0.045898 0.115226
26 0.638184 0.257888 0.054688 0.096022
26 0.636230 0.393690 0.041992 0.101509
26 0.815186 0.253772 0.049316 0.109739
26 0.816162 0.396433 0.040527 0.101509
26 0.917969 0.251029 0.044922 0.104252
26 0.916992 0.401920 0.043945 0.101509
72 0.358154 0.187243 0.027832 0.050754
72 0.638428 0.180384 0.024902 0.053498
72 0.817139 0.184499 0.025879 0.045267
72 0.918213 0.181756 0.032715 0.045267
74 0.358398 0.133059 0.047852 0.032922
74 0.636719 0.131687 0.038086 0.030178
74 0.816895 0.131687 0.041992 0.024691
74 0.916260 0.128944 0.037598 0.035665
59 0.217285 0.223594 0.031250 0.213992
122 0.140869 0.213306 0.117676 0.089163
122 0.160400 0.460219 0.145020 0.111111
120 0.231201 0.079561 0.266113 0.079561
120 0.806641 0.058985 0.369141 0.098765
53 0.257812 0.543896 0.033203 0.204390
53 0.640381 0.540466 0.030762 0.197531
