7 0.066650 0.441015 0.093262 0.341564
24 0.255859 0.135117 0.049805 0.133059
24 0.355225 0.148834 0.046387 0.105624
24 0.637939 0.152949 0.040527 0.097394
24 0.818848 0.146776 0.054688 0.101509
24 0.918701 0.151578 0.051270 0.105624
59 0.215332 0.110425 0.031250 0.209877
122 0.144043 0.109739 0.115234 0.128944
74 0.355225 0.080247 0.039551 0.048011
74 0.635742 0.078189 0.036133 0.041152
74 0.816162 0.083676 0.036621 0.041152
74 0.918213 0.076132 0.043457 0.056241
53 0.259766 0.406722 0.044922 0.223594
53 0.638672 0.402606 0.034180 0.215364
