7 0.059082 0.435146 0.090820 0.362622
24 0.255127 0.354254 0.038574 0.092050
26 0.255371 0.537657 0.036133 0.085077
26 0.503662 0.393305 0.035645 0.097629
24 0.538330 0.350767 0.042480 0.085077
26 0.817139 0.389819 0.040527 0.082287
26 0.817383 0.465132 0.038086 0.087866
87 0.352051 0.508368 0.040039 0.149233
87 0.633057 0.488842 0.037598 0.213389
87 0.911133 0.503487 0.036133 0.145049
53 0.260254 0.672943 0.033203 0.191074
53 0.538574 0.537657 0.032227 0.207810
53 0.819824 0.614365 0.033203 0.205021
70 0.253662 0.259414 0.052246 0.092050
70 0.536377 0.260809 0.055176 0.094840
70 0.815430 0.297768 0.056641 0.093445
59 0.776123 0.428173 0.030762 0.223152
