8 0.057617 0.475309 0.081055 0.308642
26 0.254395 0.539095 0.042969 0.087791
26 0.536377 0.533608 0.044434 0.096022
26 0.817871 0.540466 0.039062 0.090535
24 0.260010 0.788066 0.048340 0.100137
24 0.539062 0.289438 0.069336 0.093278
24 0.818359 0.288066 0.050781 0.101509
87 0.351807 0.507545 0.050293 0.150892
87 0.629883 0.508230 0.049805 0.176955
87 0.911377 0.513717 0.040527 0.168724
47 0.286133 0.402606 0.036133 0.234568
53 0.541992 0.672154 0.045898 0.192044
53 0.820557 0.672154 0.034668 0.186557
