7 0.055420 0.432061 0.087402 0.357252
26 0.213135 0.389313 0.039551 0.103817
24 0.276123 0.355725 0.039551 0.103817
26 0.341797 0.395420 0.038086 0.103817
24 0.440918 0.432824 0.033203 0.102290
24 0.538330 0.427481 0.036621 0.106870
26 0.659668 0.462595 0.033203 0.082443
26 0.860596 0.474046 0.043457 0.080916
70 0.210938 0.216031 0.045898 0.090076
122 0.757568 0.349618 0.207520 0.109924
122 0.930908 0.552672 0.129395 0.097710
53 0.664307 0.612977 0.029785 0.212214
53 0.541748 0.577863 0.029785 0.193893
59 0.626221 0.429008 0.027832 0.216794
122 0.488281 0.399237 0.064453 0.083969
