5 0.034180 0.541396 0.066406 0.550325
67 0.101318 0.367695 0.029785 0.196429
67 0.080811 0.479708 0.030762 0.219156
86 0.215088 0.506494 0.061035 0.237013
87 0.324707 0.515422 0.046875 0.176948
86 0.600586 0.499188 0.046875 0.209416
87 0.717773 0.523539 0.044922 0.167208
59 0.376953 0.783279 0.032227 0.215909
24 0.411865 0.816558 0.039551 0.120130
24 0.510742 0.817370 0.041016 0.134740
24 0.804932 0.815747 0.037598 0.137987
24 0.880859 0.804383 0.065430 0.118506
40 0.450928 0.779221 0.023926 0.081169
40 0.549316 0.769481 0.021484 0.074675
40 0.840332 0.774351 0.020508 0.064935
40 0.932861 0.762175 0.017090 0.066558
