67 0.055176 0.442097 0.035156 0.211268
67 0.035645 0.558685 0.031250 0.212833
59 0.134033 0.842723 0.032715 0.205008
24 0.177002 0.883412 0.039551 0.111111
26 0.274658 0.828638 0.042480 0.117371
26 0.485107 0.834116 0.049316 0.118936
24 0.597168 0.881847 0.042969 0.120501
26 0.694580 0.835681 0.049316 0.115806
26 0.893799 0.835681 0.043457 0.109546
73 0.480225 0.941315 0.026855 0.054773
73 0.550781 0.907668 0.022461 0.068858
73 0.891113 0.941315 0.034180 0.067293
47 0.206543 0.604069 0.035156 0.256651
47 0.511963 0.616588 0.040527 0.241002
47 0.630127 0.602504 0.040527 0.231612
47 0.923584 0.626761 0.037598 0.220657
120 0.214111 0.967136 0.109863 0.059468
120 0.647461 0.973396 0.122070 0.037559
