26 0.513184 0.184352 0.061523 0.078576
26 0.909180 0.334453 0.059570 0.073875
24 0.677490 0.436199 0.064941 0.081263
26 0.814941 0.333781 0.060547 0.069846
24 0.522217 0.430490 0.060059 0.079248
26 0.910889 0.468771 0.058105 0.065816
26 0.677979 0.356951 0.063965 0.067831
26 0.817871 0.469107 0.058594 0.061115
40 0.883057 0.719275 0.020020 0.026864
120 0.322754 0.129617 0.298828 0.102082
120 0.743896 0.256212 0.128418 0.067831
120 0.262207 0.942243 0.124023 0.051041
34 0.132080 0.188381 0.054199 0.062458
28 0.138916 0.438214 0.054199 0.062458
63 0.595947 0.369711 0.060059 0.169913
63 0.747803 0.476494 0.050293 0.149765
