120 0.258545 0.213952 0.101074 0.082109
24 0.878174 0.691589 0.063965 0.081442
24 0.276123 0.303405 0.064941 0.080774
24 0.505859 0.370828 0.062500 0.083445
24 0.758057 0.558745 0.061035 0.081442
24 0.104736 0.302069 0.064941 0.079439
26 0.363037 0.339119 0.061035 0.076101
26 0.644531 0.595461 0.060547 0.056075
26 0.200928 0.256008 0.059082 0.072764
40 0.357422 0.242991 0.018555 0.022697
63 0.425049 0.368491 0.048340 0.170895
63 0.553467 0.600134 0.055176 0.173565
63 0.805664 0.710948 0.051758 0.148198
