24 0.074219 0.511456 0.057617 0.076866
26 0.207031 0.601996 0.056641 0.073171
24 0.392090 0.514412 0.057617 0.075388
24 0.571533 0.515152 0.057129 0.072432
26 0.485596 0.604952 0.055176 0.073171
24 0.296875 0.512565 0.054688 0.076127
28 0.659668 0.504065 0.049805 0.063562
63 0.146240 0.593865 0.048340 0.182557
73 0.070801 0.596822 0.017578 0.022912
73 0.203369 0.677014 0.016113 0.022173
200 0.212158 0.308204 0.227051 0.035477
73 0.485107 0.672949 0.013184 0.015521
73 0.393799 0.604582 0.018066 0.022173
171 0.692383 0.397635 0.020508 0.224686
111 0.479980 0.262010 0.050781 0.135255
200 0.835938 0.626016 0.315430 0.104952
26 0.994873 0.477827 0.010254 0.052476
73 0.567627 0.599409 0.018066 0.028086
200 0.502930 0.312269 0.185547 0.033259
111 0.509277 0.260532 0.128906 0.136733
96 0.203613 0.238359 0.047852 0.087953
1 0.023193 0.449741 0.045410 0.009608
73 0.299561 0.588692 0.020996 0.036216
