26 0.333984 0.476677 0.059570 0.071565
26 0.104248 0.536102 0.058105 0.063898
26 0.104004 0.475719 0.059570 0.061981
26 0.333984 0.410543 0.062500 0.074760
40 0.493896 0.406070 0.027832 0.040256
30 0.420898 0.404792 0.057617 0.063259
30 0.418945 0.465495 0.057617 0.063259
63 0.032471 0.468690 0.062012 0.176997
63 0.265381 0.470927 0.060059 0.181470
88 0.200439 0.538658 0.073730 0.181470
199 0.730225 0.301278 0.534668 0.122045
199 0.719238 0.607029 0.556641 0.131629
159 0.494141 0.479872 0.027344 0.039617
26 0.992432 0.617572 0.015137 0.055591
