95 0.184326 0.141330 0.030762 0.197150
26 0.580811 0.966746 0.020020 0.066508
26 0.670166 0.964371 0.020020 0.071259
24 0.625732 0.938242 0.020020 0.085511
24 0.950684 0.872922 0.021484 0.087886
24 0.857910 0.792162 0.021484 0.083135
24 0.536621 0.939430 0.020508 0.087886
26 0.392578 0.899050 0.020508 0.083135
24 0.808838 0.870546 0.020996 0.087886
24 0.442383 0.946556 0.020508 0.092637
24 0.761230 0.951306 0.022461 0.087886
24 0.235596 0.862233 0.023926 0.090261
26 0.485107 0.901425 0.020020 0.087886
24 0.232178 0.281473 0.020020 0.087886
24 0.345459 0.866983 0.020996 0.090261
24 0.231445 0.212589 0.020508 0.087886
26 0.297363 0.893112 0.020508 0.090261
26 0.902832 0.827791 0.021484 0.078385
86 0.575195 0.399050 0.011719 0.194774
