32 0.258301 0.304185 0.003266 0.002703
30 0.323196 0.302561 0.008156 0.004102
5 0.208630 0.329935 0.015685 0.022561
26 0.233037 0.325765 0.010038 0.009024
93 0.343766 0.325766 0.009411 0.010255
92 0.364472 0.325766 0.009411 0.010255
34 0.403272 0.303751 0.005208 0.003580
28 0.438719 0.302441 0.007482 0.004835
93 0.443596 0.325765 0.004625 0.010257
92 0.453703 0.325766 0.004625 0.010257
34 0.480380 0.302600 0.006517 0.004115
30 0.530643 0.302529 0.006517 0.004115
30 0.555876 0.302493 0.006517 0.004115
67 0.474217 0.302609 0.005013 0.009054
76 0.532955 0.299640 0.005013 0.002881
76 0.558193 0.299599 0.005013 0.002881
28 0.594741 0.300487 0.017186 0.004120
92 0.661001 0.325768 0.019830 0.010300
91 0.747506 0.325768 0.019830 0.010300
34 0.257469 0.376196 0.003161 0.002458
28 0.324973 0.373003 0.009537 0.004693
5 0.207235 0.385772 0.018341 0.025814
26 0.232873 0.381466 0.011738 0.010326
93 0.345427 0.381463 0.011004 0.011734
92 0.365677 0.381463 0.011004 0.011734
32 0.402849 0.371863 0.005208 0.003673
30 0.440356 0.373068 0.008141 0.005811
93 0.443814 0.381459 0.005043 0.011054
92 0.453868 0.381458 0.005043 0.011054
32 0.483068 0.371458 0.007767 0.005804
28 0.531284 0.373008 0.007835 0.004620
28 0.556367 0.373038 0.007835 0.004620
67 0.475010 0.372939 0.006027 0.010164
76 0.533593 0.370121 0.006027 0.003234
76 0.558667 0.370162 0.006027 0.003234
30 0.591523 0.370500 0.003845 0.004127
92 0.662452 0.381455 0.024140 0.011398
91 0.749524 0.381455 0.024140 0.011398
32 0.259479 0.438138 0.003899 0.003030
30 0.326451 0.439025 0.011837 0.006335
5 0.207789 0.441253 0.022764 0.034842
63 0.255699 0.436964 0.009106 0.013937
26 0.233757 0.436965 0.014569 0.013937
93 0.346573 0.436959 0.013659 0.015837
92 0.366466 0.436958 0.013659 0.015837
34 0.414021 0.440487 0.003243 0.002518
28 0.434039 0.445243 0.005771 0.006385
93 0.444141 0.436961 0.006659 0.015963
92 0.454105 0.436962 0.006659 0.015963
34 0.480804 0.434839 0.010779 0.006051
30 0.530631 0.435479 0.007647 0.003510
30 0.556882 0.434898 0.010779 0.006051
76 0.534326 0.431518 0.008292 0.004236
76 0.559177 0.431569 0.008292 0.004236
28 0.595533 0.436936 0.030454 0.005500
92 0.664830 0.436937 0.035139 0.013751
91 0.752777 0.436938 0.035139 0.013751
28 0.257649 0.485058 0.003361 0.002812
28 0.282326 0.492994 0.008403 0.005826
28 0.293529 0.495946 0.003426 0.002461
5 0.228168 0.501169 0.006431 0.022626
65 0.259640 0.488699 0.002572 0.009050
92 0.239380 0.497021 0.003859 0.010285
30 0.333354 0.489404 0.003006 0.002335
30 0.362117 0.488833 0.008546 0.005540
30 0.373070 0.495547 0.004126 0.003480
92 0.323097 0.497026 0.003326 0.010310
32 0.400443 0.492860 0.002702 0.004126
28 0.431552 0.492853 0.002702 0.004126
30 0.440725 0.496616 0.008431 0.005906
28 0.442168 0.492851 0.002702 0.004126
30 0.448507 0.490761 0.002702 0.004126
28 0.452793 0.488672 0.002702 0.004126
30 0.457092 0.486581 0.002702 0.004126
28 0.456412 0.482374 0.008077 0.006822
28 0.465701 0.488666 0.002702 0.004126
67 0.435679 0.494940 0.002078 0.009078
30 0.500937 0.494234 0.005390 0.004473
28 0.521601 0.471971 0.006796 0.004105
30 0.562085 0.473957 0.006796 0.004105
5 0.473558 0.501185 0.013070 0.022577
92 0.541660 0.497020 0.007842 0.010262
28 0.614187 0.476241 0.022382 0.004092
28 0.699946 0.472020 0.022382 0.004092
28 0.743932 0.471988 0.022382 0.004092
30 0.789121 0.474723 0.008639 0.005866
28 0.832347 0.476106 0.022382 0.004092
30 0.879385 0.478173 0.022382 0.004092
38 0.238725 0.541725 0.003554 0.004568
5 0.227774 0.556756 0.006835 0.025125
30 0.322873 0.541562 0.003433 0.005060
30 0.348354 0.539229 0.003404 0.002265
28 0.345855 0.543818 0.003433 0.005060
30 0.348354 0.539229 0.003404 0.002265
28 0.355120 0.543842 0.003433 0.005060
30 0.365841 0.539924 0.003100 0.002407
30 0.365841 0.539924 0.003100 0.002407
30 0.365841 0.539924 0.003100 0.002407
30 0.387110 0.541779 0.003433 0.005060
67 0.343479 0.543811 0.002641 0.011133
76 0.360698 0.538720 0.002641 0.003542
76 0.369886 0.538760 0.002641 0.003542
76 0.379034 0.538800 0.002641 0.003542
76 0.388115 0.538839 0.002641 0.003542
34 0.400335 0.541563 0.003311 0.005012
28 0.453199 0.543900 0.003311 0.005012
30 0.457460 0.541763 0.003311 0.005012
28 0.461716 0.539630 0.003311 0.005012
28 0.465906 0.543935 0.003311 0.005012
65 0.451351 0.543894 0.002547 0.011026
30 0.502030 0.545897 0.007802 0.005094
30 0.522546 0.541543 0.007802 0.005094
28 0.562920 0.543816 0.007802 0.005094
5 0.473772 0.556859 0.015004 0.028014
92 0.542606 0.552474 0.009002 0.012734
30 0.616453 0.545827 0.031897 0.005143
30 0.706174 0.541600 0.031897 0.005143
30 0.756765 0.541517 0.007904 0.005721
28 0.789061 0.541581 0.007537 0.005578
30 0.835224 0.546394 0.008088 0.004720
28 0.874875 0.550517 0.007904 0.004863
36 0.229605 0.608109 0.004460 0.007634
5 0.227733 0.611767 0.010853 0.060943
28 0.323504 0.611810 0.005018 0.008918
28 0.339905 0.611773 0.005018 0.008918
30 0.346486 0.613801 0.005018 0.008918
28 0.351010 0.611747 0.005018 0.008918
30 0.355656 0.613770 0.005018 0.008918
28 0.360165 0.611727 0.005018 0.008918
28 0.369224 0.611706 0.005018 0.008918
28 0.378211 0.611686 0.005018 0.008918
28 0.387104 0.611665 0.005018 0.008918
67 0.344129 0.613809 0.003860 0.019621
77 0.361262 0.617016 0.003860 0.006243
77 0.370240 0.616971 0.003860 0.006243
77 0.379149 0.616927 0.003860 0.006243
77 0.387965 0.616883 0.003860 0.006243
32 0.400757 0.611852 0.005755 0.009614
30 0.453421 0.613697 0.005755 0.009614
28 0.457601 0.611670 0.005755 0.009614
30 0.461776 0.609644 0.005755 0.009614
30 0.465730 0.613638 0.005755 0.009614
65 0.451621 0.613705 0.004427 0.021150
28 0.502893 0.615980 0.014773 0.014566
30 0.523202 0.601285 0.014773 0.014566
30 0.562931 0.609693 0.014773 0.014566
5 0.474203 0.611902 0.028409 0.080115
92 0.543315 0.607645 0.017045 0.036416
28 0.621335 0.616509 0.083735 0.009942
28 0.717382 0.611817 0.083735 0.009942
28 0.762627 0.611703 0.083735 0.009942
30 0.805532 0.613591 0.083735 0.009942
28 0.846090 0.615380 0.083735 0.009942
30 0.887081 0.613283 0.083735 0.009942
30 0.261923 0.643559 0.003952 0.005420
30 0.278079 0.647827 0.003952 0.005420
30 0.299494 0.652075 0.003952 0.005420
8 0.227520 0.658356 0.007600 0.029809
92 0.239040 0.662565 0.004560 0.013549
28 0.339293 0.641493 0.003215 0.004822
28 0.359557 0.645748 0.003215 0.004822
28 0.377871 0.649981 0.003215 0.004822
92 0.323126 0.662558 0.003710 0.012056
34 0.400111 0.643596 0.003231 0.005732
30 0.431591 0.643596 0.003231 0.005732
28 0.437971 0.645723 0.003231 0.005732
30 0.442311 0.643596 0.003231 0.005732
28 0.448660 0.649962 0.003231 0.005732
30 0.452990 0.647845 0.003231 0.005732
28 0.457341 0.645723 0.003231 0.005732
30 0.461701 0.643596 0.003231 0.005732
30 0.465968 0.647845 0.003231 0.005732
67 0.446143 0.649962 0.002485 0.012610
28 0.501520 0.649909 0.008572 0.006143
28 0.521961 0.649930 0.008572 0.006143
30 0.562766 0.643617 0.008572 0.006143
8 0.473585 0.658356 0.016484 0.033788
65 0.495977 0.649903 0.006594 0.013515
92 0.542207 0.662568 0.009891 0.015358
32 0.615768 0.641064 0.033131 0.005536
30 0.750246 0.656283 0.033131 0.005536
30 0.794210 0.656335 0.033131 0.005536
30 0.835992 0.658976 0.007904 0.002862
30 0.882448 0.652353 0.033131 0.005536
38 0.239353 0.707010 0.003484 0.004344
5 0.228044 0.721724 0.006699 0.023890
30 0.323102 0.707009 0.002997 0.004328
30 0.339148 0.707011 0.002997 0.004328
30 0.349073 0.714235 0.005207 0.004231
30 0.384931 0.714491 0.005147 0.004370
32 0.400446 0.721724 0.002795 0.004286
28 0.425689 0.718917 0.005087 0.003673
28 0.442240 0.721723 0.002795 0.004286
28 0.452851 0.721722 0.002795 0.004286
28 0.461433 0.721722 0.002795 0.004286
30 0.515468 0.717922 0.003392 0.002778
30 0.517973 0.707423 0.007571 0.006450
28 0.550624 0.709535 0.008116 0.005885
5 0.473661 0.721724 0.013734 0.024184
92 0.541985 0.717522 0.008241 0.010993
30 0.621770 0.714000 0.007904 0.006008
30 0.705089 0.708972 0.007904 0.005865
30 0.745317 0.707017 0.024142 0.004348
28 0.789479 0.709125 0.024142 0.004348
30 0.833465 0.711230 0.024142 0.004348
28 0.880056 0.709139 0.024142 0.004348
28 0.543884 0.756514 0.000691 0.003419
28 0.546011 0.752777 0.000691 0.003419
28 0.550146 0.750959 0.000691 0.003419
92 0.548119 0.772527 0.000798 0.008549
32 0.554474 0.752013 0.001938 0.003771
28 0.567112 0.751892 0.001938 0.003771
28 0.575435 0.751813 0.001938 0.003771
76 0.567855 0.749115 0.001491 0.002640
76 0.576161 0.749025 0.001491 0.002640
34 0.585840 0.749948 0.001536 0.003793
34 0.603625 0.757977 0.001536 0.003793
27 0.621423 0.772620 0.001891 0.008344
28 0.640157 0.755793 0.002072 0.004120
5 0.625469 0.776872 0.003985 0.022660
27 0.631642 0.772623 0.002551 0.009064
92 0.646860 0.772626 0.002391 0.010300
91 0.653684 0.772627 0.002391 0.010300
36 0.748835 0.755967 0.002587 0.003819
36 0.787298 0.756309 0.000765 0.003764
5 0.783723 0.776825 0.001472 0.020702
67 0.786588 0.756310 0.000589 0.008281
30 0.368253 0.809223 0.007494 0.004237
92 0.392202 0.828075 0.008647 0.010592
91 0.416058 0.828075 0.008647 0.010592
28 0.362868 0.876132 0.007786 0.005989
92 0.390833 0.884221 0.008553 0.010631
91 0.415031 0.884221 0.008553 0.010631
