38 0.331172 0.061409 0.011570 0.004228
5 0.293383 0.084670 0.022250 0.023255
38 0.470796 0.062641 0.009309 0.006113
34 0.636042 0.061438 0.012443 0.004162
92 0.712684 0.080441 0.014357 0.010406
36 0.328895 0.111461 0.009534 0.003390
5 0.292759 0.127424 0.018335 0.018646
36 0.479978 0.110089 0.003049 0.002682
63 0.468739 0.111175 0.009992 0.007820
34 0.621079 0.116543 0.003728 0.002897
92 0.711068 0.123448 0.011108 0.008848
38 0.328050 0.170414 0.006010 0.003968
5 0.292183 0.170786 0.014544 0.012301
38 0.475107 0.166896 0.003049 0.002184
63 0.469537 0.169031 0.007063 0.005690
32 0.621186 0.168083 0.005252 0.004214
92 0.708516 0.167064 0.007799 0.006478
34 0.148097 0.203903 0.013667 0.004113
92 0.232199 0.218508 0.015770 0.010283
38 0.365068 0.201158 0.004127 0.002658
5 0.358047 0.222686 0.012184 0.022962
30 0.460919 0.199766 0.003626 0.004115
30 0.485790 0.199310 0.003655 0.002612
30 0.491361 0.200513 0.005483 0.004628
30 0.513159 0.199129 0.003714 0.002703
28 0.530642 0.194569 0.005898 0.002841
30 0.568236 0.195539 0.005804 0.004116
92 0.548665 0.218507 0.006696 0.010289
92 0.587844 0.218507 0.006696 0.010289
76 0.531168 0.194817 0.004464 0.002881
76 0.570250 0.192685 0.004464 0.002881
28 0.616153 0.197650 0.010937 0.004119
30 0.689876 0.203884 0.010937 0.004119
92 0.652980 0.218508 0.012619 0.010297
92 0.726828 0.218508 0.012619 0.010297
76 0.619941 0.194798 0.008413 0.002883
76 0.693674 0.201028 0.008413 0.002883
28 0.768196 0.201824 0.004838 0.004117
92 0.789390 0.218507 0.005582 0.010292
91 0.810656 0.218507 0.005582 0.010292
28 0.879075 0.201876 0.003013 0.004132
28 0.893079 0.201855 0.003013 0.004132
28 0.907116 0.201834 0.003013 0.004132
5 0.855066 0.222670 0.005795 0.022728
92 0.865073 0.218512 0.003477 0.010331
34 0.138226 0.247146 0.011959 0.003671
92 0.227627 0.257420 0.013799 0.009178
38 0.378280 0.243285 0.005707 0.003569
5 0.357883 0.261465 0.010974 0.019628
30 0.461006 0.243226 0.003254 0.003520
30 0.479546 0.243849 0.002948 0.002337
30 0.490378 0.242916 0.005188 0.003941
30 0.507190 0.243799 0.002771 0.002245
28 0.527675 0.241949 0.004601 0.002933
28 0.573873 0.246743 0.007904 0.006461
92 0.548536 0.257407 0.006251 0.009690
92 0.587719 0.257420 0.006251 0.009690
76 0.531330 0.237981 0.004167 0.002713
76 0.570166 0.242043 0.004167 0.002713
30 0.615991 0.251266 0.008988 0.003675
28 0.695552 0.252849 0.003282 0.002749
92 0.652232 0.257419 0.010370 0.009188
92 0.726153 0.257419 0.010370 0.009188
76 0.619716 0.247935 0.006913 0.002573
76 0.692767 0.247817 0.006913 0.002573
30 0.780776 0.255576 0.004600 0.004307
92 0.789351 0.257411 0.005425 0.010010
91 0.810603 0.257417 0.005425 0.010010
30 0.888026 0.254976 0.008613 0.003482
30 0.888026 0.254976 0.008613 0.003482
30 0.906903 0.251213 0.002673 0.003287
5 0.854938 0.261504 0.005140 0.018080
92 0.864975 0.257395 0.003084 0.008218
32 0.096556 0.303440 0.011451 0.006961
92 0.213209 0.301819 0.017772 0.009401
36 0.372513 0.297349 0.002771 0.002337
5 0.357937 0.305951 0.011033 0.019296
28 0.471797 0.297892 0.005955 0.004765
28 0.471797 0.297892 0.005955 0.004765
28 0.500546 0.298218 0.006485 0.004720
28 0.500546 0.298218 0.006485 0.004720
30 0.540239 0.293709 0.002772 0.002199
28 0.567999 0.293490 0.005217 0.003662
92 0.548482 0.301814 0.006020 0.009156
92 0.587683 0.301811 0.006020 0.009156
76 0.531135 0.292264 0.004013 0.002564
76 0.570005 0.290650 0.004013 0.002564
30 0.616043 0.295609 0.009367 0.003738
28 0.684768 0.299161 0.008583 0.003666
92 0.652423 0.301817 0.010808 0.009346
92 0.726327 0.301818 0.010808 0.009346
76 0.619790 0.292250 0.007206 0.002617
76 0.693000 0.296336 0.007206 0.002617
30 0.768232 0.299715 0.004510 0.003478
92 0.789447 0.301802 0.005204 0.008695
91 0.810727 0.301802 0.005204 0.008695
5 0.855008 0.305972 0.005267 0.018766
34 0.104694 0.327136 0.011271 0.003085
92 0.212943 0.341140 0.013005 0.007713
30 0.345645 0.332414 0.003077 0.002481
30 0.349067 0.326719 0.002884 0.002839
91 0.291459 0.341120 0.003328 0.007096
92 0.322868 0.341123 0.003328 0.007096
38 0.371212 0.322675 0.004761 0.003654
8 0.358166 0.337098 0.009371 0.013785
30 0.461330 0.323158 0.002822 0.002512
30 0.476802 0.323094 0.002822 0.002512
30 0.502355 0.326531 0.004762 0.002933
30 0.502355 0.326531 0.004762 0.002933
28 0.529376 0.325194 0.004285 0.002742
28 0.563525 0.339974 0.008417 0.003745
92 0.548203 0.341124 0.004944 0.006855
92 0.587428 0.341120 0.004944 0.006855
76 0.531373 0.322492 0.003296 0.001919
76 0.569652 0.331734 0.003296 0.001919
30 0.615927 0.335104 0.007239 0.003023
28 0.687940 0.349393 0.007239 0.003023
92 0.651454 0.341132 0.008353 0.007557
92 0.725432 0.341136 0.008353 0.007557
76 0.619631 0.331842 0.005569 0.002116
77 0.691741 0.352237 0.005569 0.002116
30 0.781791 0.339665 0.004297 0.005008
92 0.789445 0.341107 0.004411 0.006360
91 0.810727 0.341107 0.004411 0.006360
8 0.855218 0.337057 0.004463 0.013269
34 0.148375 0.367618 0.008276 0.005904
92 0.232758 0.376100 0.009011 0.007014
38 0.372233 0.367333 0.003479 0.002612
5 0.357820 0.380191 0.008776 0.012139
30 0.474964 0.367704 0.003125 0.002658
30 0.474964 0.367704 0.003125 0.002658
30 0.499410 0.363481 0.011202 0.005407
30 0.499410 0.363481 0.011202 0.005407
30 0.540142 0.367754 0.002949 0.002566
30 0.563899 0.375174 0.008140 0.003941
92 0.548733 0.376072 0.004955 0.005523
92 0.587907 0.376072 0.004955 0.005523
76 0.531644 0.363035 0.003303 0.001546
76 0.570312 0.370659 0.003303 0.001546
30 0.615787 0.374075 0.006714 0.002745
28 0.701490 0.372259 0.002693 0.002095
92 0.651228 0.376096 0.007747 0.006862
92 0.725222 0.376096 0.007747 0.006862
76 0.619494 0.370795 0.005165 0.001921
76 0.691574 0.366508 0.005165 0.001921
30 0.780666 0.374133 0.005897 0.005224
92 0.789446 0.376072 0.004130 0.005641
91 0.810727 0.376072 0.004130 0.005641
76 0.770090 0.370659 0.002754 0.001579
30 0.879096 0.374010 0.002175 0.002139
30 0.893086 0.374007 0.002175 0.002139
30 0.907110 0.374005 0.002175 0.002139
5 0.854930 0.380220 0.004183 0.011763
92 0.865074 0.376074 0.002510 0.005347
36 0.372258 0.413913 0.002889 0.002474
5 0.357823 0.422239 0.008261 0.010702
28 0.472430 0.416237 0.008785 0.005865
28 0.472430 0.416237 0.008785 0.005865
28 0.485770 0.416215 0.005660 0.006415
28 0.499264 0.416339 0.008490 0.005819
30 0.540076 0.410222 0.002772 0.002154
30 0.564272 0.417268 0.008140 0.003345
92 0.548733 0.418113 0.004661 0.004887
92 0.587907 0.418113 0.004661 0.004887
76 0.531513 0.408612 0.003107 0.001368
76 0.570312 0.412699 0.003107 0.001368
30 0.615806 0.416141 0.006957 0.002681
28 0.680952 0.422613 0.006227 0.004189
92 0.651465 0.418142 0.008027 0.006702
92 0.725452 0.418135 0.008027 0.006702
76 0.619491 0.412889 0.005351 0.001877
77 0.691903 0.427675 0.005351 0.001877
30 0.780977 0.416461 0.005602 0.004628
92 0.789446 0.418113 0.003885 0.004991
91 0.810727 0.418113 0.003885 0.004991
76 0.770090 0.412699 0.002590 0.001398
5 0.854931 0.422264 0.003938 0.010405
32 0.372062 0.467278 0.006427 0.004491
8 0.357957 0.455341 0.016969 0.043802
91 0.410532 0.459541 0.010181 0.019910
28 0.476889 0.467873 0.005213 0.007959
28 0.500959 0.468378 0.008785 0.005636
28 0.500959 0.468378 0.008785 0.005636
92 0.460876 0.459541 0.006015 0.019897
30 0.540529 0.459757 0.003067 0.002337
30 0.564808 0.458485 0.008376 0.003666
92 0.548733 0.459541 0.009543 0.020155
92 0.587907 0.459541 0.009543 0.020155
77 0.531260 0.465004 0.006362 0.005643
77 0.570324 0.465004 0.006362 0.005643
30 0.623030 0.460004 0.002777 0.002291
28 0.691183 0.467836 0.018192 0.006824
92 0.654035 0.459533 0.020991 0.017059
92 0.727756 0.459531 0.020991 0.017059
77 0.620416 0.465054 0.013994 0.004776
77 0.694971 0.470657 0.013994 0.004776
30 0.779041 0.464496 0.002654 0.002062
92 0.789447 0.459541 0.007955 0.020262
91 0.810727 0.459541 0.007955 0.020262
77 0.769977 0.465004 0.005303 0.005673
8 0.855013 0.455348 0.008194 0.044650
34 0.152694 0.504904 0.006838 0.002216
30 0.232538 0.513663 0.006838 0.002216
30 0.268783 0.509648 0.006838 0.002216
30 0.291174 0.505256 0.002456 0.001655
30 0.299201 0.505256 0.002456 0.001655
30 0.293857 0.513482 0.004956 0.002795
30 0.321799 0.513120 0.003953 0.002887
30 0.323246 0.505256 0.002456 0.001655
30 0.331272 0.505256 0.002456 0.001655
30 0.339360 0.509520 0.002456 0.001655
30 0.349614 0.505256 0.002456 0.001655
77 0.292435 0.508165 0.001889 0.001159
77 0.300486 0.508165 0.001889 0.001159
77 0.308401 0.516783 0.001889 0.001159
77 0.316547 0.512455 0.001889 0.001159
77 0.324604 0.508165 0.001889 0.001159
77 0.332655 0.508165 0.001889 0.001159
34 0.366224 0.498732 0.002712 0.002108
28 0.444763 0.494671 0.002771 0.002154
28 0.439635 0.490512 0.006073 0.003849
5 0.357829 0.498894 0.007595 0.009001
28 0.472746 0.486760 0.008313 0.006186
28 0.468840 0.490646 0.002303 0.001640
28 0.476664 0.494762 0.002303 0.001640
28 0.484585 0.498920 0.002303 0.001640
30 0.497861 0.503469 0.002830 0.002291
30 0.497861 0.503469 0.002830 0.002291
30 0.495854 0.508231 0.008136 0.007469
30 0.517008 0.513832 0.002303 0.001640
76 0.462415 0.483804 0.001772 0.001148
76 0.470198 0.485301 0.001772 0.001148
76 0.477987 0.489366 0.001772 0.001148
76 0.485872 0.493474 0.001772 0.001148
77 0.493846 0.504437 0.001772 0.001148
77 0.501947 0.508152 0.001772 0.001148
77 0.510120 0.512451 0.001772 0.001148
77 0.518379 0.516797 0.001772 0.001148
28 0.533877 0.507521 0.008022 0.006369
30 0.568333 0.501030 0.003710 0.001649
30 0.565297 0.493818 0.008081 0.003666
28 0.568294 0.482464 0.003710 0.001649
92 0.548733 0.494760 0.004281 0.004121
92 0.587907 0.494760 0.004281 0.004121
77 0.530585 0.510306 0.002854 0.001154
76 0.570271 0.479707 0.002854 0.001154
28 0.620740 0.503508 0.007489 0.006088
30 0.623618 0.495151 0.002861 0.002422
30 0.615976 0.484855 0.006318 0.002248
30 0.687959 0.513395 0.006318 0.002248
30 0.696288 0.503681 0.002861 0.002226
28 0.688966 0.491128 0.007152 0.005695
92 0.651277 0.494785 0.007290 0.005619
92 0.725276 0.494777 0.007290 0.005619
76 0.619637 0.482139 0.004860 0.001573
77 0.691837 0.516281 0.004860 0.001573
34 0.767367 0.513822 0.003092 0.001684
32 0.778512 0.499777 0.003361 0.002429
34 0.780130 0.492979 0.006546 0.005590
30 0.831857 0.488572 0.003092 0.001684
34 0.865355 0.484527 0.001882 0.001596
28 0.907026 0.486537 0.001882 0.001596
30 0.911729 0.488578 0.001882 0.001596
28 0.916442 0.490629 0.001882 0.001596
30 0.921190 0.492689 0.001882 0.001596
5 0.854932 0.498914 0.003619 0.008775
34 0.100364 0.535737 0.006023 0.003368
30 0.181062 0.530814 0.005516 0.004155
34 0.209450 0.526658 0.003436 0.004155
28 0.245865 0.528736 0.003436 0.004155
30 0.251146 0.530813 0.003436 0.004155
28 0.256413 0.532890 0.003436 0.004155
30 0.261694 0.534966 0.003436 0.004155
28 0.278458 0.531750 0.006664 0.004582
92 0.281717 0.549500 0.003124 0.010387
91 0.294178 0.549500 0.003124 0.010387
28 0.354769 0.532888 0.004242 0.004155
28 0.374300 0.532890 0.004242 0.004155
28 0.393829 0.532891 0.004242 0.004155
5 0.321383 0.553654 0.008158 0.022853
92 0.335243 0.549501 0.004895 0.010388
30 0.423667 0.536507 0.003480 0.002566
28 0.423667 0.536507 0.003480 0.002566
30 0.426685 0.541097 0.009260 0.006186
28 0.445761 0.537041 0.004207 0.004155
30 0.455442 0.534965 0.004207 0.004155
28 0.465122 0.532889 0.004207 0.004155
30 0.474802 0.530814 0.004207 0.004155
28 0.484482 0.528738 0.004207 0.004155
30 0.497557 0.526658 0.004259 0.004155
28 0.507357 0.528735 0.004259 0.004155
30 0.517158 0.526659 0.004259 0.004155
28 0.526958 0.528736 0.004259 0.004155
30 0.536757 0.526660 0.004259 0.004155
30 0.546557 0.530813 0.004259 0.004155
28 0.556355 0.532890 0.004259 0.004155
30 0.566153 0.534966 0.004259 0.004155
28 0.580116 0.532888 0.005289 0.004155
28 0.653139 0.537042 0.005289 0.004155
28 0.665308 0.532890 0.005289 0.004155
67 0.660522 0.532890 0.004069 0.009141
92 0.604459 0.549500 0.006103 0.010388
92 0.628800 0.549500 0.006103 0.010388
76 0.654923 0.534205 0.004069 0.002909
76 0.667092 0.530052 0.004069 0.002909
30 0.689246 0.530814 0.003038 0.004153
30 0.731227 0.534966 0.003038 0.004153
30 0.738213 0.530813 0.003038 0.004153
5 0.679290 0.553653 0.005843 0.022839
67 0.735460 0.530813 0.002337 0.009136
92 0.703233 0.549500 0.003506 0.010381
92 0.717230 0.549500 0.003506 0.010381
76 0.732253 0.532128 0.002337 0.002907
76 0.739239 0.527976 0.002337 0.002907
28 0.755642 0.530548 0.006312 0.006323
30 0.755797 0.541423 0.005014 0.004628
30 0.760082 0.547424 0.002748 0.004155
30 0.762494 0.541253 0.005250 0.004353
28 0.762494 0.541253 0.005250 0.004353
28 0.779049 0.545348 0.002748 0.004155
30 0.796705 0.541976 0.002655 0.002062
30 0.796705 0.541976 0.002655 0.002062
28 0.800475 0.537041 0.003091 0.004155
28 0.810057 0.541412 0.004778 0.004078
30 0.814599 0.531416 0.010264 0.006186
30 0.817070 0.541421 0.004896 0.004032
28 0.828914 0.532889 0.003091 0.004155
28 0.836027 0.537042 0.003091 0.004155
30 0.856117 0.541663 0.003245 0.002474
28 0.856117 0.541663 0.003245 0.002474
67 0.847783 0.541195 0.002378 0.009141
30 0.868494 0.540693 0.004956 0.003162
30 0.869443 0.532444 0.008200 0.003849
28 0.880260 0.528688 0.002891 0.002612
28 0.911002 0.528737 0.003675 0.004155
76 0.861521 0.536280 0.002827 0.002909
76 0.878418 0.527974 0.002827 0.002909
76 0.895330 0.525898 0.002827 0.002909
76 0.912241 0.525899 0.002827 0.002909
36 0.104665 0.576044 0.004982 0.003814
28 0.209489 0.576005 0.003110 0.003803
28 0.207769 0.581802 0.002830 0.008065
28 0.237220 0.581148 0.008785 0.003941
28 0.237220 0.581148 0.008785 0.003941
30 0.269267 0.582207 0.002534 0.003683
92 0.281715 0.584294 0.002924 0.009207
91 0.294177 0.584294 0.002924 0.009207
30 0.340873 0.574341 0.004009 0.005407
30 0.374178 0.578056 0.004184 0.004094
30 0.393726 0.578051 0.004184 0.004094
5 0.321382 0.588475 0.008047 0.022518
92 0.335190 0.584311 0.004828 0.010235
36 0.427194 0.575873 0.008611 0.006827
28 0.497717 0.575973 0.003976 0.003671
28 0.517154 0.584294 0.003976 0.003671
28 0.533958 0.581504 0.008254 0.003941
28 0.556353 0.584294 0.003976 0.003671
30 0.580164 0.582207 0.004938 0.003701
30 0.653166 0.586385 0.004938 0.003701
30 0.665267 0.582207 0.004938 0.003701
67 0.661072 0.582207 0.003799 0.008142
92 0.604455 0.584294 0.005698 0.009252
92 0.628796 0.584294 0.005698 0.009252
76 0.654903 0.582994 0.003799 0.002591
76 0.666979 0.578831 0.003799 0.002591
28 0.689206 0.580150 0.002849 0.003721
28 0.731150 0.584297 0.002849 0.003721
28 0.738110 0.580127 0.002849 0.003721
5 0.679235 0.588459 0.005479 0.020465
67 0.735686 0.580128 0.002192 0.008186
92 0.703121 0.584298 0.003287 0.009302
92 0.717115 0.584298 0.003287 0.009302
76 0.732116 0.578836 0.002192 0.002605
76 0.739059 0.574680 0.002192 0.002605
30 0.755531 0.576729 0.004778 0.004032
30 0.755531 0.576729 0.004778 0.004032
30 0.771408 0.581741 0.003009 0.002154
30 0.762527 0.576642 0.004778 0.004032
28 0.762527 0.576642 0.004778 0.004032
28 0.771408 0.581741 0.003009 0.002154
30 0.797085 0.575961 0.002655 0.003941
30 0.797085 0.575961 0.002655 0.003941
28 0.804679 0.571090 0.003009 0.003849
28 0.810268 0.576484 0.004542 0.004032
30 0.804679 0.571090 0.003009 0.003849
30 0.816882 0.572073 0.006253 0.004491
28 0.828903 0.567723 0.002886 0.003664
28 0.835972 0.571839 0.002886 0.003664
30 0.843088 0.578046 0.002886 0.003664
28 0.850140 0.575973 0.002886 0.003664
67 0.847697 0.575973 0.002220 0.008061
30 0.866221 0.575575 0.004366 0.003437
92 0.877176 0.584294 0.003959 0.009194
91 0.894089 0.584294 0.003959 0.009194
76 0.861732 0.571083 0.002640 0.002574
32 0.098826 0.620423 0.011572 0.007577
28 0.180597 0.615998 0.004815 0.003540
32 0.209567 0.611861 0.003091 0.003401
30 0.235826 0.616974 0.008785 0.003482
28 0.251114 0.616012 0.003091 0.003401
30 0.256391 0.618095 0.003091 0.003401
28 0.261694 0.620182 0.003091 0.003401
30 0.269267 0.618095 0.002435 0.003402
92 0.281715 0.620182 0.002810 0.008505
91 0.294177 0.620182 0.002810 0.008505
30 0.357481 0.620950 0.003007 0.002108
30 0.374089 0.618108 0.003914 0.003610
30 0.407531 0.620735 0.004598 0.002841
5 0.321337 0.624342 0.007527 0.019855
92 0.335131 0.620190 0.004516 0.009025
28 0.416711 0.620199 0.004169 0.004120
30 0.438184 0.623249 0.006547 0.003941
28 0.438184 0.623249 0.006547 0.003941
30 0.438184 0.623249 0.006547 0.003941
28 0.451150 0.618910 0.008021 0.003482
30 0.465105 0.618111 0.004169 0.004120
28 0.474783 0.616023 0.004169 0.004120
30 0.484461 0.613935 0.004169 0.004120
28 0.497717 0.611861 0.003822 0.003392
30 0.507445 0.613934 0.003822 0.003392
28 0.517232 0.611861 0.003822 0.003392
30 0.533696 0.617350 0.008078 0.003666
28 0.536747 0.611861 0.003822 0.003392
28 0.533696 0.617350 0.008078 0.003666
30 0.556330 0.618095 0.003822 0.003392
28 0.566153 0.620182 0.003822 0.003392
30 0.580164 0.618095 0.004747 0.003419
30 0.653166 0.622273 0.004747 0.003419
30 0.676357 0.616451 0.003184 0.002841
67 0.661072 0.618095 0.003651 0.007522
92 0.604455 0.620182 0.005477 0.008548
92 0.628796 0.620182 0.005477 0.008548
76 0.654903 0.618883 0.003651 0.002394
76 0.666979 0.614719 0.003651 0.002394
28 0.689241 0.616028 0.002733 0.003409
28 0.731176 0.620183 0.002733 0.003409
28 0.738123 0.616013 0.002733 0.003409
5 0.679226 0.624354 0.005255 0.018752
67 0.735704 0.616014 0.002102 0.007501
92 0.703159 0.620184 0.003153 0.008524
92 0.717154 0.620183 0.003153 0.008524
76 0.732140 0.614722 0.002102 0.002387
76 0.739068 0.610571 0.002102 0.002387
30 0.747524 0.613934 0.002466 0.003380
28 0.753678 0.628575 0.002466 0.003380
28 0.760003 0.632799 0.002466 0.003380
28 0.766378 0.628575 0.002466 0.003380
30 0.772727 0.626470 0.002466 0.003380
30 0.779086 0.630685 0.002466 0.003380
28 0.785398 0.624369 0.002466 0.003380
28 0.791765 0.628575 0.002466 0.003380
65 0.777222 0.630685 0.001897 0.007435
30 0.804590 0.621235 0.003363 0.002749
30 0.810431 0.626352 0.004306 0.006415
28 0.809510 0.621647 0.003598 0.003757
28 0.810431 0.626352 0.004306 0.006415
30 0.828911 0.618095 0.002774 0.003385
30 0.836033 0.622273 0.002774 0.003385
28 0.843204 0.628575 0.002774 0.003385
30 0.850309 0.626470 0.002774 0.003385
67 0.847847 0.626470 0.002134 0.007447
28 0.868700 0.625492 0.003717 0.002841
28 0.873882 0.616203 0.002891 0.002383
30 0.898474 0.616753 0.006549 0.004445
30 0.898474 0.616753 0.006549 0.004445
77 0.861362 0.629887 0.002537 0.002378
76 0.878487 0.610573 0.002537 0.002378
76 0.895315 0.610573 0.002537 0.002378
76 0.912144 0.610573 0.002537 0.002378
34 0.103544 0.655167 0.003384 0.003525
30 0.182298 0.648286 0.008861 0.008247
34 0.208895 0.643830 0.004998 0.008885
28 0.246022 0.645986 0.004998 0.008885
30 0.251365 0.648132 0.004998 0.008885
28 0.256671 0.650269 0.004998 0.008885
30 0.261967 0.652396 0.004998 0.008885
28 0.279053 0.650188 0.007136 0.004582
92 0.281715 0.662892 0.004544 0.022235
91 0.294177 0.662892 0.004544 0.022235
28 0.341505 0.649873 0.003478 0.002245
28 0.374786 0.650247 0.006314 0.008808
28 0.394453 0.650284 0.006314 0.008808
8 0.321248 0.658678 0.012142 0.048442
92 0.335429 0.662890 0.007285 0.022019
30 0.424059 0.650219 0.004542 0.002933
28 0.426488 0.654428 0.006523 0.008391
30 0.436378 0.656571 0.006523 0.008391
28 0.446178 0.654473 0.006523 0.008391
30 0.455962 0.652379 0.006523 0.008391
28 0.465729 0.650288 0.006523 0.008391
30 0.475480 0.648201 0.006523 0.008391
28 0.485215 0.646117 0.006523 0.008391
30 0.497031 0.643666 0.007197 0.008470
28 0.507259 0.645889 0.007197 0.008470
30 0.517315 0.643798 0.007197 0.008470
28 0.527370 0.646005 0.007197 0.008470
30 0.537321 0.643928 0.007197 0.008470
30 0.547190 0.648239 0.007197 0.008470
28 0.556960 0.650394 0.007197 0.008470
30 0.566631 0.652527 0.007197 0.008470
28 0.579932 0.650106 0.009833 0.007777
30 0.653806 0.669011 0.009833 0.007777
30 0.665705 0.664914 0.009833 0.007777
67 0.661630 0.664917 0.007563 0.017109
92 0.605291 0.662875 0.011345 0.019443
92 0.629824 0.662874 0.011345 0.019443
28 0.689318 0.662891 0.004477 0.008798
28 0.731217 0.667024 0.004477 0.008798
28 0.738258 0.662891 0.004477 0.008798
8 0.679168 0.658700 0.008609 0.048391
67 0.735855 0.662891 0.003444 0.019356
92 0.703346 0.662891 0.005165 0.021996
92 0.717346 0.662891 0.005165 0.021996
77 0.732113 0.672390 0.003444 0.006159
77 0.739117 0.668299 0.003444 0.006159
30 0.755839 0.663259 0.004896 0.004307
30 0.755839 0.663259 0.004896 0.004307
30 0.762720 0.663202 0.005132 0.004491
30 0.762720 0.663202 0.005132 0.004491
28 0.772864 0.658717 0.004146 0.008699
28 0.779168 0.662890 0.004146 0.008699
30 0.785554 0.656633 0.004146 0.008699
30 0.791776 0.660815 0.004146 0.008699
65 0.777319 0.662890 0.003189 0.019138
28 0.800324 0.654442 0.004893 0.008449
28 0.807645 0.658688 0.004893 0.008449
30 0.816737 0.650401 0.008554 0.004582
30 0.822022 0.656604 0.004893 0.008449
28 0.816737 0.650401 0.008554 0.004582
28 0.836332 0.654530 0.004893 0.008449
30 0.856424 0.659071 0.002773 0.002978
28 0.856424 0.659071 0.002773 0.002978
67 0.847998 0.658737 0.003764 0.018589
30 0.872817 0.654110 0.003894 0.002887
92 0.877176 0.662892 0.006200 0.022730
91 0.894088 0.662892 0.006200 0.022730
36 0.105541 0.695206 0.005474 0.004102
28 0.209450 0.695206 0.003433 0.004102
28 0.221597 0.695206 0.003433 0.004102
28 0.236826 0.696246 0.008132 0.003519
28 0.236826 0.696246 0.008132 0.003519
30 0.269243 0.697257 0.002705 0.004102
92 0.281716 0.699308 0.003121 0.010254
91 0.294177 0.699308 0.003121 0.010254
30 0.367553 0.696359 0.008419 0.003790
30 0.367553 0.696359 0.008419 0.003790
30 0.393824 0.697257 0.004239 0.004102
5 0.321381 0.703409 0.008152 0.022558
92 0.335239 0.699308 0.004891 0.010254
36 0.416714 0.695206 0.004203 0.004102
28 0.497557 0.695206 0.004254 0.004102
28 0.517155 0.695206 0.004254 0.004102
28 0.533994 0.696562 0.008185 0.003294
28 0.556352 0.695206 0.004254 0.004102
30 0.580116 0.697257 0.005283 0.004102
92 0.604456 0.699308 0.006096 0.010254
91 0.628796 0.699308 0.006096 0.010254
5 0.679290 0.703409 0.005843 0.022558
30 0.873483 0.691973 0.004065 0.002707
28 0.873599 0.696013 0.005400 0.003835
30 0.884575 0.692889 0.002671 0.002075
30 0.911000 0.693156 0.003671 0.004101
28 0.221596 0.732017 0.003433 0.004204
28 0.236477 0.733007 0.008321 0.003815
28 0.236477 0.733007 0.008321 0.003815
92 0.209448 0.736221 0.003961 0.010511
30 0.269241 0.734119 0.002705 0.004204
92 0.281715 0.736221 0.003121 0.010511
91 0.294177 0.736221 0.003121 0.010511
5 0.321381 0.740426 0.008152 0.023125
28 0.517154 0.732017 0.004255 0.004204
28 0.534361 0.733733 0.008141 0.003164
28 0.556354 0.732017 0.004255 0.004204
92 0.497554 0.736221 0.004909 0.010511
30 0.580113 0.734119 0.005284 0.004204
92 0.604455 0.736221 0.006097 0.010511
91 0.628796 0.736221 0.006097 0.010511
5 0.679290 0.740426 0.005844 0.023124
30 0.221767 0.773659 0.009244 0.022270
30 0.233920 0.773653 0.009244 0.022270
30 0.246013 0.773648 0.009244 0.022270
92 0.209482 0.771580 0.010666 0.055675
30 0.269294 0.773654 0.006377 0.023268
92 0.281715 0.771582 0.007358 0.058169
91 0.294177 0.771582 0.007358 0.058169
8 0.321188 0.767395 0.019937 0.130541
30 0.517513 0.773659 0.012322 0.022934
30 0.537147 0.773649 0.012322 0.022934
30 0.556602 0.773639 0.012322 0.022934
92 0.497617 0.771579 0.014218 0.057336
30 0.580332 0.773680 0.018459 0.021612
92 0.605166 0.771574 0.021298 0.054031
91 0.629671 0.771574 0.021298 0.054031
8 0.679154 0.767402 0.014035 0.128130
34 0.123612 0.820252 0.010218 0.006472
32 0.126320 0.807913 0.006409 0.008523
34 0.165628 0.820519 0.009338 0.006209
32 0.166563 0.807913 0.006409 0.008523
34 0.219352 0.820726 0.010731 0.006278
32 0.222007 0.807641 0.003302 0.002658
34 0.244164 0.819550 0.003125 0.002291
32 0.234073 0.807748 0.003184 0.002795
30 0.280878 0.805630 0.008964 0.005774
28 0.280878 0.805630 0.008964 0.005774
30 0.280878 0.805630 0.008964 0.005774
28 0.294256 0.805601 0.006546 0.006736
30 0.294180 0.801625 0.003895 0.008675
28 0.294256 0.805601 0.006546 0.006736
30 0.306682 0.801625 0.003895 0.008675
28 0.312955 0.799520 0.003895 0.008675
76 0.282598 0.802419 0.002996 0.006073
76 0.288837 0.798208 0.002996 0.006073
76 0.307624 0.798208 0.002996 0.006073
76 0.313903 0.796636 0.002996 0.006073
30 0.335114 0.797392 0.006170 0.008752
28 0.344972 0.799508 0.006170 0.008752
30 0.354776 0.797399 0.006170 0.008752
28 0.364600 0.799514 0.006170 0.008752
30 0.374412 0.797406 0.006170 0.008752
30 0.384182 0.801625 0.006170 0.008752
28 0.393933 0.803727 0.006170 0.008752
30 0.406996 0.807745 0.002653 0.002062
5 0.321486 0.812092 0.011866 0.048134
67 0.341583 0.799507 0.004746 0.019253
76 0.356201 0.794506 0.004746 0.006126
76 0.366036 0.796628 0.004746 0.006126
76 0.395445 0.798211 0.004746 0.006126
76 0.405152 0.802423 0.004746 0.006126
34 0.426430 0.816905 0.003716 0.002474
32 0.416733 0.807913 0.006219 0.008685
34 0.466504 0.820444 0.003480 0.002658
32 0.455560 0.807913 0.006219 0.008685
34 0.505877 0.817464 0.004894 0.003482
32 0.511145 0.808074 0.003184 0.002520
34 0.547475 0.821653 0.003950 0.002749
32 0.536754 0.807913 0.006171 0.008817
30 0.580063 0.805822 0.007664 0.008889
30 0.592247 0.805822 0.007664 0.008889
28 0.604504 0.812083 0.007664 0.008889
28 0.616626 0.807913 0.007664 0.008889
30 0.628798 0.805822 0.007664 0.008889
30 0.640982 0.805822 0.007664 0.008889
30 0.650217 0.812744 0.002653 0.002062
30 0.665350 0.805822 0.007664 0.008889
67 0.661145 0.805822 0.005895 0.019556
77 0.581928 0.809213 0.005895 0.006222
77 0.594090 0.809213 0.005895 0.006222
77 0.606342 0.817522 0.005895 0.006222
77 0.618434 0.813376 0.005895 0.006222
76 0.630590 0.802419 0.005895 0.006222
76 0.642796 0.802419 0.005895 0.006222
76 0.654940 0.806613 0.005895 0.006222
76 0.667206 0.802419 0.005895 0.006222
28 0.678876 0.803632 0.003008 0.003941
28 0.696225 0.803723 0.004394 0.008681
30 0.715480 0.810383 0.007785 0.006278
30 0.710260 0.805821 0.004394 0.008681
28 0.726097 0.803912 0.006724 0.004582
28 0.726097 0.803912 0.006724 0.004582
28 0.725781 0.808227 0.006901 0.004628
28 0.726097 0.803912 0.006724 0.004582
5 0.679362 0.812088 0.008451 0.047747
67 0.707842 0.805821 0.003380 0.019099
67 0.735865 0.803727 0.003380 0.019099
76 0.690186 0.798199 0.003380 0.006077
76 0.697213 0.798201 0.003380 0.006077
76 0.704282 0.806612 0.003380 0.006077
76 0.711286 0.802417 0.003380 0.006077
76 0.718318 0.798206 0.003380 0.006077
76 0.725348 0.798208 0.003380 0.006077
76 0.732331 0.802420 0.003380 0.006077
76 0.739387 0.798211 0.003380 0.006077
30 0.759337 0.803960 0.008495 0.006094
30 0.759337 0.803960 0.008495 0.006094
30 0.772606 0.806408 0.005604 0.006369
30 0.759337 0.803960 0.008495 0.006094
28 0.772762 0.799519 0.003996 0.008655
28 0.772606 0.806408 0.005604 0.006369
30 0.785466 0.797416 0.003996 0.008655
30 0.791757 0.801630 0.003996 0.008655
65 0.777237 0.803726 0.003074 0.019041
76 0.748266 0.798195 0.003074 0.006059
76 0.754620 0.798198 0.003074 0.006059
76 0.761005 0.802415 0.003074 0.006059
76 0.767340 0.798205 0.003074 0.006059
76 0.773696 0.796635 0.003074 0.006059
76 0.780044 0.798211 0.003074 0.006059
76 0.786417 0.794528 0.003074 0.006059
76 0.792720 0.798217 0.003074 0.006059
28 0.800296 0.795296 0.004458 0.008715
28 0.807486 0.799520 0.004458 0.008715
30 0.814586 0.793178 0.004458 0.008715
30 0.821766 0.797411 0.004458 0.008715
28 0.828921 0.791054 0.004458 0.008715
28 0.836078 0.795296 0.004458 0.008715
30 0.843187 0.801625 0.004458 0.008715
28 0.850334 0.799520 0.004458 0.008715
67 0.847869 0.799520 0.003429 0.019173
30 0.858711 0.799482 0.002832 0.002474
92 0.877176 0.807913 0.006115 0.021870
91 0.894089 0.807913 0.006115 0.021870
30 0.104116 0.866089 0.018446 0.029720
30 0.126454 0.864276 0.005143 0.002947
30 0.126454 0.864276 0.005143 0.002947
30 0.126454 0.864276 0.005143 0.002947
30 0.126454 0.864276 0.005143 0.002947
30 0.142700 0.865972 0.018446 0.029720
30 0.142694 0.861893 0.018446 0.029720
34 0.167546 0.864005 0.004805 0.002999
34 0.167546 0.864005 0.004805 0.002999
34 0.221040 0.864158 0.004776 0.002795
34 0.221040 0.864158 0.004776 0.002795
34 0.221040 0.864158 0.004776 0.002795
34 0.221040 0.864158 0.004776 0.002795
28 0.269561 0.863920 0.009585 0.035411
30 0.275798 0.865934 0.009585 0.035411
28 0.281960 0.863892 0.009585 0.035411
30 0.288121 0.861846 0.009585 0.035411
28 0.294294 0.859796 0.009585 0.035411
30 0.300450 0.861822 0.009585 0.035411
28 0.306620 0.859777 0.009585 0.035411
30 0.312802 0.857728 0.009585 0.035411
77 0.282895 0.866656 0.007373 0.024788
77 0.289039 0.864619 0.007373 0.024788
77 0.307482 0.862552 0.007373 0.024788
77 0.313636 0.861031 0.007373 0.024788
28 0.335466 0.855705 0.013061 0.037369
30 0.353605 0.855023 0.007133 0.004124
28 0.353605 0.855023 0.007133 0.004124
30 0.353605 0.855023 0.007133 0.004124
28 0.381541 0.855350 0.007841 0.006232
28 0.392571 0.858074 0.008430 0.006232
30 0.403436 0.860042 0.008725 0.006186
28 0.403215 0.863838 0.013061 0.037369
5 0.321607 0.855708 0.025117 0.205528
67 0.341915 0.857761 0.010047 0.082211
77 0.356464 0.861073 0.010047 0.026158
77 0.366137 0.861067 0.010047 0.026158
77 0.395001 0.864585 0.010047 0.026158
77 0.404523 0.866590 0.010047 0.026158
30 0.417340 0.865956 0.014250 0.037243
30 0.426964 0.865936 0.014250 0.037243
30 0.425981 0.861887 0.007727 0.006048
30 0.436563 0.865917 0.014250 0.037243
30 0.425981 0.861887 0.007727 0.006048
30 0.446137 0.865898 0.014250 0.037243
30 0.446091 0.861844 0.014250 0.037243
34 0.455685 0.865879 0.014250 0.037243
34 0.455679 0.861830 0.014250 0.037243
34 0.509865 0.864653 0.004186 0.002887
34 0.509401 0.860282 0.002771 0.002337
34 0.537123 0.865878 0.016162 0.036360
34 0.537116 0.861828 0.016162 0.036360
28 0.593502 0.864403 0.003833 0.002887
28 0.593502 0.864403 0.003833 0.002887
30 0.605482 0.870063 0.025641 0.035143
30 0.617542 0.865946 0.025641 0.035143
28 0.640879 0.864912 0.004128 0.002933
28 0.640879 0.864912 0.004128 0.002933
28 0.640879 0.864912 0.004128 0.002933
28 0.665263 0.863725 0.025641 0.035143
67 0.660632 0.863743 0.019724 0.077315
77 0.582683 0.866856 0.019724 0.024600
77 0.594988 0.866797 0.019724 0.024600
77 0.607311 0.872810 0.019724 0.024600
77 0.619335 0.868704 0.019724 0.024600
77 0.631347 0.866624 0.019724 0.024600
77 0.643285 0.866567 0.019724 0.024600
77 0.655041 0.870505 0.019724 0.024600
77 0.666894 0.866454 0.019724 0.024600
30 0.694624 0.860336 0.002713 0.002199
30 0.694624 0.860336 0.002713 0.002199
28 0.691736 0.869978 0.009260 0.005819
28 0.710313 0.863863 0.009238 0.037068
30 0.717230 0.861832 0.009238 0.037068
30 0.724147 0.861828 0.009238 0.037068
30 0.730980 0.865869 0.009238 0.037068
30 0.737955 0.861822 0.009238 0.037068
5 0.679441 0.855704 0.017765 0.203876
67 0.707596 0.863865 0.007106 0.081550
67 0.735572 0.861823 0.007106 0.081550
77 0.690612 0.864617 0.007106 0.025948
77 0.697513 0.864612 0.007106 0.025948
77 0.704473 0.870633 0.007106 0.025948
77 0.711329 0.866620 0.007106 0.025948
77 0.718227 0.864600 0.007106 0.025948
77 0.725123 0.864596 0.007106 0.025948
77 0.731931 0.868611 0.007106 0.025948
77 0.738890 0.864587 0.007106 0.025948
28 0.746578 0.860137 0.003245 0.003666
28 0.746578 0.860137 0.003245 0.003666
28 0.764444 0.862057 0.004955 0.005682
28 0.764444 0.862057 0.004955 0.005682
30 0.772786 0.857750 0.008689 0.036956
30 0.779032 0.861826 0.008689 0.036956
28 0.785359 0.855691 0.008689 0.036956
28 0.791539 0.859781 0.008689 0.036956
65 0.777201 0.861828 0.006684 0.081304
77 0.748662 0.862602 0.006684 0.025869
77 0.754924 0.862596 0.006684 0.025869
77 0.761236 0.866635 0.006684 0.025869
77 0.767447 0.862583 0.006684 0.025869
77 0.773701 0.861063 0.006684 0.025869
77 0.779925 0.864593 0.006684 0.025869
77 0.786200 0.861052 0.006684 0.025869
77 0.792395 0.862557 0.006684 0.025869
30 0.799398 0.851908 0.002891 0.002520
30 0.799488 0.855946 0.003068 0.002703
28 0.816113 0.850570 0.012683 0.007377
28 0.821961 0.855700 0.010663 0.036534
30 0.816113 0.850570 0.012683 0.007377
30 0.836136 0.853629 0.010663 0.036534
28 0.843114 0.859777 0.010663 0.036534
30 0.850158 0.857729 0.010663 0.036534
67 0.847735 0.857731 0.008202 0.080374
28 0.858832 0.855601 0.003186 0.002841
92 0.877419 0.851558 0.016985 0.088947
91 0.894387 0.851558 0.016985 0.088947
28 0.123235 0.897497 0.008391 0.006472
30 0.126075 0.891266 0.002910 0.002210
28 0.123235 0.897497 0.008391 0.006472
30 0.140361 0.893642 0.006836 0.009723
28 0.146557 0.895717 0.006836 0.009723
30 0.150402 0.893638 0.006836 0.009723
28 0.163532 0.897555 0.008526 0.006525
30 0.160409 0.893633 0.006836 0.009723
28 0.163532 0.897555 0.008526 0.006525
30 0.170402 0.893628 0.006836 0.009723
28 0.163532 0.897555 0.008526 0.006525
30 0.180380 0.893624 0.006836 0.009723
28 0.186480 0.895693 0.006836 0.009723
30 0.190343 0.893619 0.006836 0.009723
28 0.205666 0.896002 0.002774 0.003841
30 0.205666 0.896002 0.002774 0.003841
32 0.217975 0.897560 0.008962 0.006919
34 0.212579 0.893628 0.005270 0.009859
32 0.233744 0.895701 0.005270 0.009859
34 0.236782 0.893628 0.005270 0.009859
30 0.269370 0.897770 0.004153 0.009862
30 0.269319 0.893628 0.004153 0.009862
30 0.275530 0.893628 0.004153 0.009862
28 0.275434 0.883193 0.004153 0.009862
30 0.281752 0.893628 0.004153 0.009862
28 0.290311 0.884444 0.008256 0.003757
30 0.287963 0.893628 0.004153 0.009862
28 0.290311 0.884444 0.008256 0.003757
30 0.294174 0.893628 0.004153 0.009862
28 0.290311 0.884444 0.008256 0.003757
30 0.300384 0.893628 0.004153 0.009862
28 0.290311 0.884444 0.008256 0.003757
30 0.318052 0.891486 0.003008 0.003253
28 0.318185 0.883554 0.002654 0.003070
30 0.318052 0.891486 0.003008 0.003253
28 0.318185 0.883554 0.002654 0.003070
34 0.335381 0.893637 0.006585 0.009973
32 0.334639 0.886469 0.008548 0.003757
34 0.381337 0.893710 0.008136 0.005865
32 0.374376 0.883191 0.006585 0.009973
6 0.321387 0.887380 0.012664 0.049865
34 0.421149 0.896600 0.003008 0.002429
34 0.416610 0.881074 0.006636 0.009911
34 0.455543 0.893629 0.006636 0.009911
34 0.455547 0.881091 0.006636 0.009911
34 0.509642 0.891898 0.002830 0.002199
34 0.497432 0.881092 0.006588 0.010048
34 0.536749 0.893628 0.006588 0.010048
34 0.536758 0.881092 0.006588 0.010048
30 0.590699 0.895952 0.008491 0.006186
28 0.593612 0.883442 0.003066 0.002474
28 0.640541 0.892085 0.002712 0.002062
28 0.665308 0.887380 0.008182 0.010130
67 0.661108 0.887380 0.006294 0.022286
92 0.604455 0.887380 0.009441 0.025325
92 0.628796 0.887380 0.009441 0.025325
77 0.654783 0.896989 0.006294 0.007091
77 0.666979 0.892843 0.006294 0.007091
30 0.693588 0.883818 0.002772 0.002199
30 0.717469 0.886840 0.009024 0.003666
30 0.738253 0.885289 0.004686 0.009874
6 0.679292 0.887380 0.009012 0.049371
67 0.735837 0.885289 0.003605 0.021723
92 0.703258 0.887380 0.005407 0.024685
92 0.717256 0.887380 0.005407 0.024685
76 0.732284 0.886080 0.003605 0.006912
76 0.739326 0.881888 0.003605 0.006912
28 0.746664 0.883554 0.003009 0.002429
28 0.746664 0.883554 0.003009 0.002429
28 0.757462 0.885669 0.004247 0.005453
28 0.764784 0.885737 0.004542 0.005361
30 0.772757 0.881091 0.004261 0.009849
30 0.779081 0.885289 0.004261 0.009849
28 0.785448 0.878991 0.004261 0.009849
28 0.791733 0.883196 0.004261 0.009849
76 0.748264 0.877664 0.003278 0.006894
76 0.754617 0.877667 0.003278 0.006894
76 0.761001 0.881883 0.003278 0.006894
76 0.767336 0.877672 0.003278 0.006894
76 0.773690 0.877675 0.003278 0.006894
76 0.780023 0.881887 0.003278 0.006894
76 0.786399 0.876109 0.003278 0.006894
76 0.792719 0.877683 0.003278 0.006894
30 0.799841 0.874631 0.003245 0.002703
30 0.799623 0.879933 0.003363 0.003712
28 0.814601 0.874763 0.004754 0.009911
28 0.816968 0.878555 0.012447 0.005315
30 0.828920 0.872644 0.004754 0.009911
30 0.836069 0.876877 0.004754 0.009911
28 0.843170 0.883193 0.004754 0.009911
30 0.850309 0.881092 0.004754 0.009911
67 0.847847 0.881092 0.003657 0.021803
30 0.858730 0.895652 0.002891 0.002749
28 0.866879 0.878422 0.002714 0.002062
28 0.866879 0.878422 0.002714 0.002062
28 0.885601 0.878987 0.005652 0.009948
30 0.894093 0.881092 0.005652 0.009948
28 0.900751 0.885053 0.006077 0.006094
30 0.900751 0.885053 0.006077 0.006094
28 0.919442 0.887380 0.005652 0.009948
76 0.869826 0.876103 0.004348 0.006963
76 0.878332 0.876103 0.004348 0.006963
76 0.886837 0.876103 0.004348 0.006963
76 0.912296 0.881886 0.004348 0.006963
76 0.920760 0.881886 0.004348 0.006963
34 0.122965 0.927806 0.008662 0.005946
34 0.163161 0.927826 0.008729 0.006104
34 0.216377 0.927891 0.008491 0.005957
34 0.229018 0.928746 0.005778 0.004582
34 0.269312 0.927980 0.013926 0.064736
34 0.294286 0.927972 0.013926 0.064736
34 0.335610 0.924810 0.008784 0.003574
34 0.374394 0.927972 0.017656 0.067143
8 0.321175 0.921721 0.033954 0.369288
34 0.427505 0.925885 0.008670 0.006232
34 0.452407 0.924566 0.007963 0.003482
34 0.507641 0.926528 0.008078 0.005957
34 0.531756 0.924980 0.008078 0.003528
30 0.590540 0.926205 0.008609 0.005728
30 0.657362 0.929635 0.005897 0.003941
30 0.657362 0.929635 0.005897 0.003941
67 0.661451 0.927946 0.031611 0.146544
92 0.605062 0.925897 0.047417 0.166527
92 0.629544 0.925896 0.047417 0.166527
77 0.655208 0.935328 0.031611 0.046628
77 0.667180 0.931247 0.031611 0.046628
28 0.692205 0.926572 0.008021 0.006003
28 0.731177 0.930033 0.012982 0.071992
28 0.738230 0.925901 0.012982 0.071992
8 0.679150 0.921725 0.024965 0.395956
67 0.735820 0.925901 0.009986 0.158382
92 0.703278 0.925901 0.014979 0.179980
92 0.717276 0.925901 0.014979 0.179980
77 0.732087 0.935397 0.009986 0.050394
77 0.739103 0.931310 0.009986 0.050394
30 0.747121 0.925707 0.002832 0.002245
30 0.758134 0.925763 0.004306 0.004032
30 0.765212 0.926197 0.004660 0.004353
30 0.758134 0.925763 0.004306 0.004032
28 0.772783 0.921730 0.012480 0.071984
28 0.765212 0.926197 0.004660 0.004353
30 0.785494 0.919638 0.012480 0.071984
30 0.791744 0.923823 0.012480 0.071984
65 0.777247 0.925901 0.009600 0.158365
76 0.748251 0.920415 0.009600 0.050389
76 0.754618 0.920417 0.009600 0.050389
76 0.761040 0.924606 0.009600 0.050389
76 0.767356 0.920423 0.009600 0.050389
76 0.773721 0.916208 0.009600 0.050389
76 0.780067 0.920429 0.009600 0.050389
76 0.786475 0.916218 0.009600 0.050389
76 0.792741 0.920434 0.009600 0.050389
28 0.800091 0.917645 0.003068 0.002566
28 0.807553 0.921718 0.015916 0.071284
30 0.816601 0.916651 0.012860 0.007469
30 0.816601 0.916651 0.012860 0.007469
28 0.816601 0.916651 0.012860 0.007469
28 0.847434 0.917577 0.009616 0.004307
30 0.847235 0.920963 0.009970 0.004811
28 0.847235 0.920963 0.009970 0.004811
67 0.847929 0.921741 0.012243 0.156825
28 0.859022 0.933633 0.002773 0.002245
30 0.859056 0.921488 0.003186 0.002841
30 0.875808 0.917207 0.002773 0.002337
30 0.875808 0.917207 0.002773 0.002337
28 0.894358 0.921731 0.023125 0.069645
30 0.902809 0.923823 0.023125 0.069645
28 0.911195 0.925898 0.023125 0.069645
30 0.919502 0.927958 0.023125 0.069645
77 0.870051 0.923017 0.017788 0.048751
77 0.878598 0.923022 0.017788 0.048751
77 0.887114 0.923027 0.017788 0.048751
76 0.912523 0.920449 0.017788 0.048751
76 0.920812 0.924612 0.017788 0.048751
