24 0.138428 0.750732 0.049316 0.082927
24 0.288330 0.667805 0.049316 0.082927
24 0.443604 0.667805 0.049316 0.082927
24 0.593994 0.667805 0.049316 0.082927
26 0.764404 0.708780 0.049316 0.082927
26 0.867920 0.708780 0.049316 0.082927
59 0.227051 0.641951 0.049805 0.249756
61 0.706299 0.707317 0.043457 0.253659
122 0.068604 0.840976 0.106934 0.126829
122 0.523438 0.777561 0.178711 0.093659
122 0.933350 0.807317 0.123535 0.100488
120 0.152832 0.874146 0.291992 0.193171
120 0.595215 0.837073 0.332031 0.140488
120 0.922363 0.857073 0.141602 0.106341
124 0.712891 0.949268 0.564453 0.089756
