24 0.820068 0.168295 0.044434 0.082519
24 0.821533 0.255157 0.044434 0.082519
87 0.540039 0.501086 0.061523 0.155266
87 0.602783 0.510315 0.060059 0.152009
24 0.446045 0.760043 0.044434 0.082519
61 0.767090 0.247014 0.041992 0.300760
122 0.904785 0.046688 0.157227 0.062975
40 0.871582 0.127036 0.037109 0.082519
40 0.875000 0.209555 0.037109 0.082519
5 0.114258 0.504886 0.108398 0.616721
67 0.226074 0.456569 0.051758 0.222584
67 0.267090 0.324647 0.049805 0.225841
67 0.309570 0.506515 0.051758 0.233442
192 0.318848 0.827904 0.093750 0.222584
192 0.375732 0.831162 0.066895 0.237785
