26 0.104731 0.463571 0.058650 0.071429
26 0.287087 0.535000 0.058650 0.071429
26 0.548793 0.535000 0.058650 0.071429
24 0.697634 0.498571 0.058650 0.071429
26 0.824298 0.535000 0.058650 0.071429
59 0.638492 0.458571 0.058650 0.191429
122 0.428043 0.621786 0.232134 0.082143
120 0.517496 0.655714 0.510596 0.140000
124 0.382208 0.752500 0.213406 0.120714
125 0.613603 0.758571 0.211927 0.084286
124 0.903154 0.750000 0.176934 0.125714
122 0.924840 0.618214 0.133563 0.079286
120 0.915722 0.664286 0.151799 0.094286
