26 0.257324 0.292035 0.048828 0.082596
24 0.255371 0.498525 0.048828 0.082596
24 0.412598 0.247788 0.048828 0.082596
24 0.619141 0.247788 0.048828 0.082596
24 0.768066 0.498525 0.048828 0.082596
61 0.198730 0.497542 0.046875 0.275320
61 0.712158 0.499017 0.048340 0.272370
86 0.615234 0.581613 0.058594 0.282203
87 0.404785 0.585054 0.065430 0.161259
87 0.516846 0.580138 0.055176 0.151426
87 0.883301 0.578171 0.056641 0.155359
18 0.101807 0.405113 0.083496 0.151426
20 0.097900 0.588496 0.071777 0.154376
95 0.238037 0.831858 0.111816 0.245821
190 0.394043 0.879056 0.096680 0.218289
122 0.530762 0.152901 0.166992 0.097345
122 0.894043 0.376598 0.181641 0.114061
