24 0.108581 0.666250 0.068885 0.082500
24 0.108581 0.762500 0.086398 0.090000
24 0.242849 0.670833 0.088733 0.088333
24 0.241973 0.760417 0.083479 0.075833
24 0.358144 0.675417 0.091652 0.102500
24 0.355809 0.774167 0.083479 0.100000
24 0.596906 0.663750 0.102160 0.102500
24 0.591944 0.768333 0.088733 0.088333
24 0.725336 0.670833 0.098657 0.106667
24 0.719498 0.767500 0.086982 0.100000
24 0.842966 0.672083 0.100409 0.109167
24 0.843841 0.768750 0.091652 0.097500
63 0.439872 0.755417 0.075306 0.275833
61 0.511092 0.690000 0.060128 0.331667
