26 0.125201 0.374167 0.063807 0.083333
26 0.116622 0.624167 0.063807 0.083333
24 0.634048 0.196667 0.063807 0.083333
26 0.645845 0.539167 0.063807 0.083333
40 0.714745 0.166667 0.053619 0.083333
40 0.710992 0.539167 0.053619 0.083333
87 0.263807 0.491667 0.086863 0.158333
87 0.417426 0.500833 0.073458 0.155000
6 0.521716 0.392917 0.135121 0.329167
73 0.126005 0.757500 0.038606 0.036667
192 0.667828 0.815833 0.109920 0.246667
122 0.822252 0.114167 0.325469 0.120000
122 0.814745 0.640833 0.337265 0.135000
