26 0.143311 0.707854 0.050293 0.082375
24 0.285400 0.499042 0.050293 0.082375
24 0.452393 0.499042 0.050293 0.082375
24 0.607666 0.499042 0.050293 0.082375
26 0.762451 0.539272 0.050293 0.082375
24 0.883057 0.666667 0.050293 0.082375
122 0.066650 0.790709 0.100098 0.121648
122 0.531738 0.402778 0.185547 0.085249
120 0.618408 0.253831 0.352051 0.206897
120 0.160400 0.771073 0.290527 0.337165
124 0.708740 0.849617 0.565918 0.120690
122 0.945801 0.718870 0.098633 0.081418
120 0.934814 0.748084 0.116699 0.101533
