26 0.535662 0.622930 0.038593 0.084076
24 0.699316 0.667516 0.038593 0.084076
24 0.812653 0.709554 0.038593 0.084076
26 0.901075 0.622930 0.038593 0.084076
87 0.390572 0.514013 0.060088 0.156688
67 0.202003 0.470064 0.043478 0.244586
67 0.235222 0.339490 0.036639 0.261146
67 0.272106 0.509554 0.037128 0.234395
59 0.479971 0.607006 0.045432 0.248408
5 0.110161 0.531210 0.093307 0.644586
122 0.615291 0.724841 0.151930 0.109554
120 0.670249 0.789809 0.305813 0.152866
124 0.586957 0.903185 0.151930 0.135032
125 0.755496 0.916561 0.158769 0.108280
124 0.938202 0.890446 0.116756 0.109554
122 0.952369 0.729299 0.081583 0.100637
120 0.944797 0.781529 0.089888 0.126115
