26 0.445801 0.716418 0.045898 0.083156
24 0.824707 0.414712 0.045898 0.083156
24 0.826172 0.498934 0.045898 0.083156
40 0.876465 0.374200 0.038086 0.083156
40 0.873047 0.456290 0.038086 0.083156
87 0.544189 0.503198 0.050293 0.159915
87 0.600098 0.501066 0.044922 0.149254
5 0.109375 0.526652 0.108398 0.594883
67 0.227051 0.459488 0.042969 0.226013
192 0.323730 0.845416 0.096680 0.226013
192 0.369873 0.840085 0.088379 0.251599
76 0.446533 0.428038 0.031738 0.084222
122 0.908203 0.280384 0.160156 0.087420
120 0.902344 0.216951 0.165039 0.214286
