24 0.537372 0.570594 0.039082 0.071125
24 0.602833 0.570594 0.039082 0.071125
24 0.706400 0.570594 0.039082 0.071125
24 0.812897 0.570594 0.039082 0.071125
24 0.909624 0.570594 0.039082 0.071125
87 0.397411 0.433121 0.043478 0.148620
59 0.487543 0.533439 0.040059 0.217622
67 0.206155 0.460722 0.044944 0.203822
67 0.240352 0.349788 0.040059 0.207006
67 0.279678 0.496815 0.048363 0.195329
190 0.521739 0.756369 0.078163 0.185775
8 0.116023 0.399151 0.114802 0.326964
120 0.739619 0.683652 0.400586 0.127389
