26 0.255371 0.392405 0.048828 0.070886
24 0.258789 0.569620 0.048828 0.070886
26 0.423828 0.099578 0.048828 0.070886
26 0.614258 0.101266 0.048828 0.070886
24 0.771484 0.296203 0.048828 0.070886
86 0.611816 0.640928 0.054688 0.213502
87 0.408203 0.642194 0.048828 0.118143
87 0.511719 0.640506 0.054688 0.138397
87 0.881592 0.638819 0.050293 0.129958
61 0.200195 0.565401 0.040039 0.236287
61 0.706299 0.316034 0.043457 0.233755
72 0.258057 0.301688 0.031738 0.054852
18 0.099365 0.486076 0.081543 0.146835
20 0.095215 0.647679 0.063477 0.135865
122 0.531006 0.033333 0.187012 0.043038
122 0.899902 0.208861 0.193359 0.124051
