26 0.302246 0.320652 0.053711 0.071429
26 0.549316 0.320652 0.053711 0.071429
24 0.303711 0.571429 0.053711 0.071429
24 0.544434 0.571429 0.053711 0.071429
40 0.605957 0.320652 0.044922 0.071429
40 0.602539 0.607143 0.044922 0.071429
87 0.120361 0.443323 0.076660 0.153727
59 0.241211 0.285326 0.051758 0.193323
59 0.239746 0.538820 0.051758 0.206522
122 0.443115 0.241460 0.198730 0.074534
122 0.778076 0.218944 0.387207 0.086957
122 0.416504 0.661102 0.195312 0.079969
122 0.771973 0.664984 0.409180 0.076863
190 0.220459 0.746118 0.100098 0.180124
