24 0.063232 0.638994 0.033691 0.072956
26 0.132080 0.462264 0.043457 0.089308
26 0.203857 0.398113 0.043457 0.081761
26 0.274414 0.466038 0.051758 0.081761
24 0.350586 0.644654 0.046875 0.094340
26 0.424072 0.464151 0.046387 0.077987
26 0.517334 0.391195 0.043457 0.085535
26 0.592773 0.462264 0.046875 0.081761
26 0.656982 0.391195 0.045410 0.085535
24 0.731201 0.219497 0.050293 0.094340
26 0.800537 0.389308 0.048340 0.106918
24 0.878174 0.215094 0.046387 0.103145
124 0.475830 0.840252 0.851074 0.193711
120 0.238770 0.386792 0.390625 0.293082
120 0.679688 0.189308 0.390625 0.283019
