24 0.918322 0.856667 0.158940 0.104444
24 0.219095 0.822778 0.186534 0.156667
24 0.945916 0.687778 0.108168 0.088889
72 0.303532 0.232222 0.041943 0.046667
24 0.339956 0.288889 0.123620 0.088889
24 0.941501 0.454444 0.116998 0.108889
24 0.247241 0.657778 0.161148 0.144444
24 0.333885 0.395556 0.122517 0.082222
24 0.279249 0.407222 0.187638 0.098889
24 0.939845 0.355556 0.120309 0.111111
1 0.209161 0.826111 0.263797 0.032222
26 0.286424 0.315000 0.179912 0.112222
26 0.941501 0.453889 0.116998 0.107778
1 0.896799 0.831667 0.206402 0.025556
24 0.918874 0.818889 0.157837 0.124444
109 0.014901 0.369444 0.029801 0.270000
24 0.921634 0.690000 0.156733 0.088889
24 0.938742 0.627222 0.122517 0.185556
1 0.187638 0.492222 0.306843 0.028889
