5 0.093262 0.572473 0.027344 0.031669
22 0.378418 0.486602 0.020508 0.045067
30 0.635010 0.448234 0.059082 0.138855
28 0.656250 0.669915 0.010742 0.021924
30 0.780762 0.445189 0.017578 0.032887
30 0.817627 0.330085 0.068848 0.148599
212 0.968262 0.855664 0.032227 0.035323
24 0.029053 0.288672 0.058105 0.172960
26 0.622803 0.717418 0.080566 0.170524
173 0.394287 0.522533 0.085449 0.246041
28 0.622559 0.718636 0.081055 0.165652
182 0.395020 0.482948 0.085938 0.169306
201 0.500732 0.266748 0.989746 0.075518
24 0.394531 0.514007 0.085938 0.250914
30 0.580078 0.960414 0.114258 0.071864
26 0.016113 0.056029 0.032227 0.112058
