209 0.072754 0.758641 0.015625 0.084625
8 0.188721 0.338498 0.030762 0.033373
22 0.445557 0.509535 0.468262 0.053635
95 0.556641 0.874851 0.072266 0.116806
95 0.616455 0.874851 0.077637 0.102503
86 0.722900 0.324791 0.014160 0.036949
26 0.738525 0.403456 0.322754 0.067938
26 0.878662 0.597139 0.019043 0.057211
86 0.916016 0.545292 0.016602 0.082241
26 0.969238 0.337306 0.036133 0.088200
109 0.711182 0.447557 0.070801 0.346841
26 0.968262 0.452324 0.040039 0.089392
26 0.804688 0.570322 0.071289 0.120381
201 0.514404 0.231824 0.943848 0.144219
26 0.042236 0.395113 0.060059 0.151371
159 0.223145 0.321812 0.035156 0.069130
26 0.968994 0.308105 0.037598 0.144219
26 0.042969 0.457688 0.061523 0.178784
26 0.031250 0.226460 0.037109 0.140644
