142 0.049585 0.533040 0.028823 0.073421
22 0.186370 0.523495 0.035662 0.101322
30 0.307035 0.194567 0.030777 0.080764
192 0.314607 0.748164 0.027357 0.066079
28 0.688813 0.416300 0.029311 0.256975
28 0.716170 0.292217 0.062531 0.164464
159 0.776014 0.245228 0.018075 0.067548
24 0.504397 0.400147 0.068881 0.171806
28 0.505374 0.394273 0.069858 0.174743
26 0.877626 0.349486 0.060088 0.126285
109 0.476795 0.604258 0.031265 0.412628
24 0.049829 0.403084 0.034196 0.136564
30 0.336102 0.121145 0.070347 0.160059
26 0.050318 0.469163 0.032242 0.101322
109 0.646800 0.494860 0.028334 0.440529
26 0.353200 0.760646 0.034196 0.079295
24 0.092574 0.307636 0.036639 0.092511
26 0.716414 0.271659 0.062042 0.120411
30 0.716170 0.273862 0.062531 0.127753
201 0.500000 0.223935 0.997069 0.186490
26 0.087201 0.504405 0.041524 0.168869
26 0.051050 0.702643 0.028823 0.095448
