8 0.075000 0.379888 0.062000 0.120670
22 0.347500 0.491620 0.041000 0.093855
95 0.492000 0.970391 0.039000 0.059218
95 0.576250 0.929609 0.030500 0.102793
212 0.959750 0.447486 0.035500 0.097207
143 0.119000 0.460335 0.152000 0.402235
173 0.813250 0.537430 0.093500 0.149721
185 0.608000 0.536313 0.082000 0.154190
173 0.812000 0.489944 0.093000 0.246927
109 0.842500 0.343575 0.035000 0.530726
16 0.007750 0.645810 0.015500 0.225698
182 0.398500 0.441899 0.047000 0.119553
109 0.647500 0.359218 0.032000 0.492737
201 0.503250 0.224022 0.989500 0.101676
