209 0.058594 0.859952 0.014648 0.056019
8 0.115479 0.347437 0.043457 0.141836
95 0.572510 0.968415 0.057129 0.063170
30 0.636475 0.561383 0.076660 0.145411
30 0.810547 0.454708 0.077148 0.153754
30 0.815674 0.554231 0.067871 0.145411
212 0.959717 0.973778 0.015137 0.028605
173 0.398682 0.519666 0.085449 0.231228
143 0.157959 0.489869 0.149902 0.405244
201 0.511963 0.353397 0.970215 0.137068
26 0.041260 0.537545 0.062988 0.293206
109 0.677002 0.386174 0.036621 0.491061
201 0.507568 0.249106 0.982910 0.112038
