6 0.085205 0.495243 0.130371 0.366318
69 0.183350 0.380114 0.064941 0.255947
69 0.240967 0.508088 0.056152 0.266413
69 0.286621 0.348716 0.056641 0.248335
69 0.338867 0.460990 0.057617 0.259753
24 0.474854 0.565176 0.071777 0.117983
26 0.627197 0.602284 0.055176 0.089439
26 0.768066 0.526641 0.055664 0.086584
26 0.909424 0.602759 0.062012 0.077069
63 0.569092 0.599429 0.050293 0.258801
63 0.711182 0.523311 0.050293 0.268316
40 0.525146 0.524738 0.039551 0.075167
40 0.829590 0.528544 0.047852 0.075167
47 0.669189 0.480971 0.037598 0.261656
47 0.953369 0.507136 0.048340 0.268316
120 0.548096 0.678877 0.139160 0.099905
120 0.824219 0.649857 0.131836 0.108468
71 0.471924 0.746432 0.107910 0.101808
71 0.775635 0.729781 0.117676 0.097050
