7 0.093994 0.421028 0.136230 0.356075
69 0.193848 0.575234 0.060547 0.251402
69 0.244141 0.428505 0.052734 0.264486
69 0.295898 0.547196 0.055664 0.264486
69 0.343262 0.388318 0.067383 0.253271
30 0.484375 0.314953 0.082031 0.089720
24 0.766113 0.344860 0.072266 0.125234
26 0.920898 0.386449 0.064453 0.070093
53 0.929688 0.523364 0.055664 0.171963
40 0.825439 0.311682 0.041504 0.075701
25 0.657471 0.285047 0.041504 0.067290
27 0.696777 0.314019 0.032227 0.067290
175 0.492432 0.214486 0.108887 0.098131
120 0.604248 0.430841 0.276855 0.108411
