7 0.083252 0.406755 0.128418 0.381541
69 0.184814 0.572788 0.060059 0.249286
69 0.239990 0.428639 0.052246 0.261656
69 0.289062 0.536156 0.052734 0.259753
69 0.341797 0.390105 0.075195 0.247383
24 0.480713 0.493340 0.074707 0.103711
26 0.628662 0.527593 0.059082 0.080875
26 0.774414 0.458135 0.059570 0.078972
26 0.911865 0.539010 0.061035 0.096099
40 0.540527 0.461941 0.034180 0.054234
40 0.827393 0.461465 0.039551 0.064700
47 0.670898 0.423406 0.042969 0.243578
47 0.957275 0.409610 0.044434 0.276879
120 0.561279 0.410561 0.140137 0.078972
120 0.854736 0.387726 0.137207 0.099905
70 0.477539 0.306851 0.106445 0.101808
70 0.781006 0.289248 0.100098 0.112274
63 0.715820 0.459087 0.051758 0.273073
