26 0.163818 0.088129 0.022949 0.154676
137 0.163818 0.016187 0.024902 0.032374
24 0.164551 0.640288 0.022461 0.151079
86 0.212646 0.491007 0.018066 0.348921
24 0.282959 0.861511 0.022949 0.147482
26 0.284180 0.483813 0.023438 0.133094
86 0.331055 0.480216 0.017578 0.341727
84 0.567383 0.431655 0.023438 0.079137
26 0.600098 0.079137 0.020508 0.143885
122 0.635986 0.188849 0.060059 0.089928
95 0.676025 0.766187 0.032715 0.258993
28 0.678223 0.287770 0.022461 0.158273
30 0.678711 0.064748 0.023438 0.129496
95 0.680908 0.645683 0.028809 0.161871
95 0.686523 0.730216 0.034180 0.302158
122 0.744141 0.183453 0.102539 0.187050
30 0.822754 0.061151 0.022461 0.122302
28 0.823486 0.300360 0.022949 0.161871
122 0.893555 0.152878 0.114258 0.161871
26 0.964111 0.043165 0.020020 0.086331
24 0.965088 0.250000 0.021973 0.147482
