87 0.062988 0.500000 0.021484 0.235294
61 0.081055 0.169118 0.011719 0.338235
24 0.101318 0.141544 0.021973 0.150735
24 0.130615 0.141544 0.021973 0.150735
24 0.159180 0.139706 0.023438 0.147059
24 0.218018 0.136029 0.021973 0.147059
86 0.257080 0.448529 0.018066 0.352941
24 0.349609 0.134191 0.022461 0.158088
24 0.379150 0.128676 0.022949 0.154412
24 0.414551 0.115809 0.023438 0.150735
24 0.477295 0.123162 0.022949 0.143382
87 0.500000 0.393382 1.000000 0.367647
24 0.528809 0.123162 0.022461 0.150735
24 0.559570 0.117647 0.021484 0.147059
95 0.652344 0.860294 0.034180 0.279412
95 0.671387 0.860294 0.032227 0.264706
26 0.731445 0.051471 0.020508 0.102941
24 0.788574 0.485294 0.023438 0.147059
26 0.896729 0.428309 0.020996 0.136029
86 0.943115 0.441176 0.019043 0.360294
