59 0.171387 0.464559 0.031250 0.342912
67 0.204102 0.299808 0.027344 0.285441
122 0.285156 0.078544 0.076172 0.076628
30 0.349854 0.243295 0.042480 0.141762
84 0.399170 0.650383 0.039551 0.067050
40 0.406982 0.238506 0.015137 0.067050
30 0.603271 0.251916 0.043457 0.147510
84 0.641357 0.659962 0.037598 0.074713
40 0.653320 0.245211 0.013672 0.057471
26 0.837402 0.250958 0.035156 0.114943
84 0.898926 0.645594 0.039062 0.072797
86 0.905029 0.157088 0.027832 0.310345
86 0.957031 0.142720 0.028320 0.285441
