92 0.152375 0.080569 0.004943 0.012705
30 0.181702 0.069874 0.005101 0.004436
30 0.223440 0.076761 0.009185 0.004844
30 0.256229 0.080707 0.003062 0.002874
5 0.303261 0.081040 0.020833 0.029384
30 0.339672 0.074085 0.010125 0.004486
28 0.377709 0.056120 0.003642 0.002409
92 0.400459 0.080570 0.009812 0.012848
30 0.419349 0.055999 0.006920 0.002267
28 0.469580 0.064613 0.006741 0.003431
28 0.512932 0.060552 0.008346 0.003181
92 0.541283 0.080570 0.010866 0.012610
30 0.584833 0.060904 0.007624 0.003181
32 0.621421 0.057425 0.005168 0.004345
28 0.684411 0.059285 0.010355 0.004404
76 0.684435 0.055597 0.003161 0.001591
28 0.726624 0.059258 0.010355 0.004404
76 0.726646 0.055566 0.003161 0.001591
34 0.772169 0.057173 0.006193 0.004479
34 0.839852 0.065582 0.006193 0.004479
27 0.902464 0.080443 0.007892 0.009143
30 0.133729 0.113395 0.003484 0.002545
30 0.168125 0.113154 0.004455 0.003739
28 0.180736 0.115155 0.004455 0.003739
67 0.175050 0.115063 0.002780 0.009768
30 0.189888 0.113048 0.004455 0.003739
28 0.199060 0.115084 0.004455 0.003739
30 0.208356 0.112958 0.004455 0.003739
76 0.208398 0.109320 0.001360 0.001351
30 0.227115 0.112867 0.004455 0.003739
76 0.227135 0.109197 0.001360 0.001351
30 0.246224 0.112774 0.004455 0.003739
76 0.246222 0.109073 0.001360 0.001351
30 0.267647 0.110799 0.006968 0.002299
76 0.265616 0.108946 0.001360 0.001351
5 0.302073 0.124011 0.016609 0.021882
30 0.336886 0.117408 0.008072 0.003341
30 0.366682 0.113269 0.008072 0.003341
92 0.397240 0.123559 0.007822 0.009568
28 0.420205 0.112501 0.006920 0.002551
30 0.470977 0.121390 0.008157 0.003601
30 0.513393 0.118718 0.010031 0.006924
92 0.539498 0.123578 0.007905 0.010313
28 0.563520 0.111733 0.003290 0.002246
34 0.621180 0.116329 0.006523 0.005135
30 0.682663 0.117136 0.007450 0.003620
76 0.682690 0.112939 0.002275 0.001308
30 0.725311 0.117047 0.007450 0.003620
76 0.725313 0.112794 0.002275 0.001308
32 0.771894 0.115226 0.004498 0.003650
32 0.837971 0.123403 0.004498 0.003650
27 0.901935 0.123442 0.005732 0.007450
28 0.133891 0.170845 0.005490 0.002790
28 0.166659 0.171128 0.003524 0.002775
30 0.178881 0.173252 0.003524 0.002775
67 0.173291 0.173109 0.002198 0.007249
28 0.188075 0.171198 0.003524 0.002775
30 0.197061 0.173342 0.003524 0.002775
28 0.206476 0.171259 0.003524 0.002775
77 0.206099 0.177698 0.001076 0.001002
28 0.225386 0.171321 0.003524 0.002775
77 0.225137 0.177855 0.001076 0.001002
28 0.240232 0.171282 0.005173 0.004103
77 0.244766 0.178017 0.001076 0.001002
28 0.278418 0.173013 0.008552 0.004021
77 0.264959 0.178183 0.001076 0.001002
5 0.301437 0.167591 0.013038 0.013766
28 0.334470 0.174822 0.006337 0.002102
30 0.364782 0.161202 0.006337 0.002102
92 0.395424 0.167158 0.006141 0.006019
30 0.428239 0.169082 0.006337 0.002102
28 0.472401 0.175576 0.007784 0.006990
28 0.502615 0.175108 0.005643 0.002587
92 0.537064 0.167193 0.005468 0.007408
30 0.566413 0.171102 0.003932 0.002996
32 0.618335 0.174896 0.004992 0.002673
30 0.680104 0.165017 0.004992 0.002632
76 0.680149 0.160938 0.001524 0.000951
30 0.723372 0.164942 0.004992 0.002632
76 0.723334 0.160735 0.001524 0.000951
32 0.781157 0.166603 0.004654 0.004307
32 0.835432 0.167022 0.003105 0.002596
27 0.901182 0.167051 0.003957 0.005300
92 0.148090 0.218623 0.004525 0.010502
28 0.178706 0.197788 0.004669 0.003667
28 0.229509 0.202546 0.006916 0.005728
28 0.248609 0.202494 0.007936 0.005992
34 0.292015 0.199894 0.002097 0.003540
30 0.320409 0.199846 0.002097 0.003485
28 0.326201 0.201888 0.002097 0.003485
30 0.341987 0.198603 0.007965 0.005636
28 0.335986 0.205996 0.002097 0.003485
67 0.333220 0.205886 0.001309 0.009105
30 0.339920 0.203919 0.002097 0.003485
28 0.341987 0.198603 0.007965 0.005636
30 0.341987 0.198603 0.007965 0.005636
30 0.351815 0.203892 0.002097 0.003485
8 0.364902 0.217073 0.011492 0.010050
28 0.386566 0.206070 0.005205 0.003205
65 0.380065 0.206076 0.002602 0.008473
28 0.404981 0.206053 0.005205 0.003205
92 0.423438 0.218619 0.005043 0.009178
30 0.441854 0.199848 0.005205 0.003205
32 0.466647 0.197832 0.003667 0.003275
30 0.482813 0.214156 0.003243 0.002383
30 0.500282 0.212231 0.003667 0.003224
30 0.508859 0.212226 0.003667 0.003224
30 0.517924 0.208067 0.003667 0.003224
28 0.532871 0.206094 0.005264 0.003345
28 0.552071 0.210183 0.005264 0.003345
92 0.571367 0.218623 0.005101 0.009581
28 0.591009 0.214298 0.005264 0.003345
34 0.621380 0.212196 0.009031 0.003323
30 0.685427 0.212231 0.009031 0.003271
76 0.685452 0.208088 0.002757 0.001182
30 0.727199 0.212231 0.009031 0.003271
76 0.727134 0.208088 0.002757 0.001182
34 0.769410 0.212196 0.003234 0.003247
34 0.809728 0.212196 0.003234 0.003247
27 0.846966 0.218490 0.004121 0.006629
8 0.858909 0.217069 0.006297 0.010608
28 0.880328 0.206048 0.002852 0.003382
92 0.891262 0.218618 0.002764 0.009687
91 0.902293 0.217448 0.002726 0.001594
27 0.865096 0.218491 0.003634 0.007013
30 0.138861 0.247433 0.003956 0.002583
30 0.169979 0.247319 0.003956 0.002583
30 0.210101 0.251238 0.003956 0.002583
30 0.247786 0.255300 0.003956 0.002583
32 0.304576 0.261057 0.004012 0.002887
28 0.313145 0.260721 0.006490 0.005590
28 0.327800 0.260530 0.008378 0.005499
28 0.353933 0.261204 0.002714 0.007561
28 0.353933 0.261204 0.002714 0.007561
5 0.364292 0.257971 0.008535 0.013322
30 0.397891 0.257348 0.003950 0.002383
30 0.404874 0.247156 0.004148 0.002034
92 0.423332 0.257513 0.004020 0.005825
28 0.441811 0.249147 0.004148 0.002034
30 0.466522 0.251224 0.002915 0.002057
30 0.494814 0.243875 0.002889 0.002245
30 0.494814 0.243875 0.002889 0.002245
28 0.500172 0.249143 0.002915 0.002057
30 0.516249 0.248855 0.003714 0.003528
28 0.516249 0.248855 0.003714 0.003528
30 0.533030 0.251185 0.004356 0.002052
30 0.552318 0.255302 0.004356 0.002052
92 0.571663 0.257512 0.004221 0.005878
30 0.591184 0.255302 0.004356 0.002052
34 0.620503 0.255355 0.006125 0.002590
30 0.682972 0.255333 0.006125 0.002550
30 0.704029 0.247048 0.006125 0.002550
30 0.725415 0.251118 0.006125 0.002550
30 0.747311 0.255276 0.006125 0.002550
32 0.769107 0.261509 0.002573 0.002088
32 0.805948 0.255723 0.005779 0.002841
27 0.846966 0.257385 0.003278 0.004262
5 0.858583 0.257972 0.004857 0.015133
30 0.880245 0.255311 0.002360 0.002311
92 0.891216 0.257513 0.002287 0.006617
91 0.902246 0.256351 0.002256 0.001089
27 0.865073 0.257387 0.003008 0.004790
88 0.102295 0.298751 0.009478 0.001591
88 0.321583 0.298673 0.001907 0.001381
5 0.364365 0.302393 0.009828 0.017581
92 0.386389 0.301930 0.004629 0.007687
30 0.405028 0.299708 0.004777 0.002684
92 0.423498 0.301930 0.004629 0.007687
30 0.442159 0.299704 0.004777 0.002684
32 0.466387 0.305943 0.003392 0.002711
91 0.491715 0.300758 0.003242 0.001258
92 0.532709 0.301930 0.004861 0.007684
30 0.563023 0.300930 0.010558 0.003941
92 0.571663 0.301930 0.004861 0.007684
30 0.591212 0.299703 0.005017 0.002683
32 0.621030 0.305943 0.008275 0.002790
91 0.685189 0.300758 0.007909 0.001294
88 0.804747 0.298673 0.002832 0.001265
27 0.846966 0.301802 0.003776 0.005565
5 0.858610 0.302393 0.005460 0.019134
88 0.900970 0.298676 0.002536 0.001377
27 0.865111 0.301803 0.003382 0.006057
88 0.104691 0.338200 0.006898 0.001133
88 0.321583 0.338041 0.001510 0.000857
8 0.364922 0.339721 0.008127 0.004931
92 0.386298 0.341234 0.003567 0.004503
30 0.404911 0.343143 0.003681 0.001572
92 0.423403 0.341234 0.003567 0.004503
30 0.442210 0.343149 0.003681 0.001572
32 0.466166 0.349296 0.002594 0.001612
91 0.491577 0.340086 0.002479 0.000748
92 0.532704 0.341233 0.003741 0.004561
30 0.563557 0.340227 0.011958 0.003925
92 0.571664 0.341233 0.003741 0.004561
30 0.591295 0.343151 0.003860 0.001593
32 0.620059 0.349061 0.005619 0.002035
91 0.682784 0.340105 0.005370 0.000944
88 0.804753 0.338041 0.002179 0.000752
27 0.846968 0.341107 0.002906 0.003307
8 0.858931 0.339716 0.004636 0.005644
88 0.900918 0.338047 0.002007 0.000848
27 0.865092 0.341109 0.002676 0.003731
28 0.153279 0.372038 0.003193 0.001882
30 0.169735 0.372918 0.007256 0.002555
30 0.194979 0.373220 0.006916 0.004053
30 0.213833 0.373977 0.008616 0.005463
28 0.233551 0.375682 0.009183 0.004582
30 0.233551 0.375682 0.009183 0.004582
28 0.233551 0.375682 0.009183 0.004582
30 0.256425 0.371879 0.003288 0.002555
28 0.260904 0.376065 0.003193 0.001882
30 0.256425 0.371879 0.003288 0.002555
30 0.282175 0.373977 0.003193 0.001882
67 0.276732 0.373865 0.001992 0.004918
28 0.291938 0.371926 0.001535 0.001739
28 0.301881 0.367828 0.001535 0.001739
30 0.305307 0.369873 0.001535 0.001739
28 0.315852 0.374095 0.006077 0.006782
28 0.329492 0.372018 0.009794 0.006278
30 0.315852 0.374095 0.006077 0.006782
67 0.323900 0.373874 0.000957 0.004543
28 0.329492 0.372018 0.009794 0.006278
30 0.329492 0.372018 0.009794 0.006278
28 0.339982 0.367828 0.001535 0.001739
30 0.343859 0.365792 0.001535 0.001739
28 0.347720 0.363765 0.001535 0.001739
28 0.351758 0.367828 0.001535 0.001739
5 0.364325 0.376658 0.007347 0.009800
30 0.379388 0.373049 0.002889 0.003574
92 0.404841 0.376200 0.003460 0.004285
28 0.421642 0.393402 0.003420 0.002199
30 0.412151 0.383922 0.011202 0.004765
28 0.432603 0.373822 0.009198 0.006232
92 0.442055 0.376200 0.003460 0.004285
30 0.465891 0.395028 0.002518 0.001509
28 0.466169 0.384401 0.002518 0.001509
30 0.466442 0.374000 0.002518 0.001509
65 0.462323 0.374001 0.001259 0.003990
30 0.483169 0.369889 0.002518 0.001509
30 0.491686 0.369883 0.002518 0.001509
28 0.499300 0.373983 0.010141 0.007652
30 0.499300 0.373983 0.010141 0.007652
28 0.518045 0.376061 0.002518 0.001509
28 0.532215 0.392966 0.003744 0.001516
28 0.532516 0.384439 0.003744 0.001516
30 0.537142 0.374241 0.010145 0.007240
92 0.552185 0.376199 0.003628 0.004342
30 0.571799 0.382331 0.003744 0.001516
30 0.571751 0.373989 0.003744 0.001516
28 0.571692 0.363765 0.003744 0.001516
92 0.591142 0.376199 0.003628 0.004342
30 0.620000 0.397042 0.007573 0.005040
28 0.615228 0.384482 0.007994 0.002291
30 0.616399 0.376309 0.010939 0.002291
92 0.651236 0.376212 0.005341 0.005454
91 0.682862 0.375056 0.005268 0.000897
30 0.768482 0.395122 0.002211 0.001519
28 0.776200 0.392966 0.002211 0.001519
30 0.792894 0.387938 0.004246 0.002337
28 0.792894 0.387938 0.004246 0.002337
30 0.792894 0.387938 0.004246 0.002337
28 0.792894 0.387938 0.004246 0.002337
30 0.804711 0.382331 0.002211 0.001519
67 0.800821 0.382214 0.001380 0.003967
28 0.809733 0.380231 0.002211 0.001519
28 0.824465 0.380231 0.002211 0.001519
30 0.832060 0.382331 0.002211 0.001519
65 0.828407 0.382331 0.001106 0.004015
28 0.837163 0.384439 0.002211 0.001519
30 0.842271 0.386557 0.002211 0.001519
27 0.846966 0.376072 0.002818 0.003148
5 0.858594 0.376660 0.004198 0.011262
32 0.874507 0.388569 0.003245 0.002520
30 0.913698 0.393198 0.007374 0.004811
30 0.913698 0.393198 0.007374 0.004811
27 0.865096 0.376073 0.002600 0.003565
30 0.149613 0.431763 0.008503 0.002555
28 0.169806 0.428809 0.006576 0.006433
28 0.169806 0.428809 0.006576 0.006433
28 0.224139 0.428696 0.008050 0.005111
30 0.213977 0.432869 0.006576 0.002467
28 0.224139 0.428696 0.008050 0.005111
30 0.244324 0.432771 0.003156 0.001815
28 0.239221 0.427652 0.008050 0.002820
30 0.261628 0.432828 0.003156 0.001815
28 0.270231 0.430726 0.003156 0.001815
28 0.283128 0.430762 0.003156 0.001815
67 0.277000 0.430627 0.001969 0.004742
30 0.291476 0.428597 0.001494 0.001648
30 0.301574 0.424371 0.001494 0.001648
28 0.305053 0.426479 0.001494 0.001648
30 0.308547 0.428597 0.001494 0.001648
30 0.320547 0.428597 0.001494 0.001648
28 0.331037 0.434078 0.006962 0.002612
67 0.323647 0.430606 0.000932 0.004304
30 0.330446 0.428597 0.001494 0.001648
28 0.336320 0.426479 0.001494 0.001648
30 0.340263 0.424371 0.001494 0.001648
28 0.344199 0.422272 0.001494 0.001648
30 0.348119 0.420182 0.001494 0.001648
30 0.352221 0.424371 0.001494 0.001648
5 0.364332 0.418699 0.007051 0.009015
30 0.379569 0.437509 0.003597 0.002566
28 0.386252 0.426435 0.003427 0.001376
92 0.404860 0.418240 0.003321 0.003942
28 0.428748 0.436952 0.005778 0.006003
30 0.421573 0.424550 0.011969 0.006598
28 0.424078 0.414043 0.003302 0.002383
92 0.442065 0.418240 0.003321 0.003942
30 0.468390 0.439216 0.009080 0.007835
28 0.466175 0.426444 0.002419 0.001388
28 0.483088 0.422263 0.002419 0.001388
28 0.499471 0.424819 0.009551 0.006598
30 0.499471 0.424819 0.009551 0.006598
28 0.499471 0.424819 0.009551 0.006598
30 0.518336 0.428608 0.002419 0.001388
28 0.532366 0.430724 0.003593 0.001396
28 0.532516 0.426479 0.003593 0.001396
30 0.537637 0.416516 0.009083 0.007561
92 0.552185 0.418240 0.003481 0.003997
30 0.571799 0.424371 0.003593 0.001396
30 0.571751 0.416030 0.003593 0.001396
28 0.571692 0.405805 0.003593 0.001396
92 0.591142 0.418240 0.003481 0.003997
30 0.619893 0.439179 0.007321 0.005237
28 0.620067 0.426212 0.005354 0.001752
30 0.620595 0.416108 0.005354 0.001752
92 0.651300 0.418251 0.005189 0.005017
91 0.682941 0.417096 0.005118 0.000825
30 0.768482 0.437163 0.002122 0.001398
28 0.776200 0.435007 0.002122 0.001398
30 0.794982 0.430052 0.005838 0.002566
28 0.794982 0.430052 0.005838 0.002566
30 0.794982 0.430052 0.005838 0.002566
28 0.794982 0.430052 0.005838 0.002566
30 0.802547 0.421383 0.002949 0.002612
67 0.800821 0.424254 0.001324 0.003652
28 0.802547 0.421383 0.002949 0.002612
28 0.824465 0.422272 0.002122 0.001398
30 0.832060 0.424371 0.002122 0.001398
65 0.828407 0.424371 0.001061 0.003696
28 0.837163 0.426479 0.002122 0.001398
30 0.842271 0.428597 0.002122 0.001398
27 0.846966 0.418113 0.002704 0.002898
5 0.858595 0.418700 0.004083 0.010648
28 0.880143 0.430690 0.001984 0.001626
92 0.891264 0.418240 0.001923 0.004656
91 0.902287 0.417078 0.001897 0.000766
27 0.865099 0.418114 0.002529 0.003370
28 0.130615 0.451050 0.009840 0.009925
28 0.170971 0.453256 0.010657 0.005992
28 0.209067 0.459528 0.009840 0.009925
30 0.250921 0.468257 0.010430 0.004494
30 0.291903 0.465777 0.003739 0.010263
30 0.308648 0.453241 0.003739 0.010263
30 0.330578 0.453433 0.010679 0.005865
28 0.330578 0.453433 0.010679 0.005865
30 0.330578 0.453433 0.010679 0.005865
28 0.331275 0.459562 0.012921 0.002933
67 0.333708 0.459414 0.002333 0.026813
30 0.331275 0.459562 0.012921 0.002933
28 0.351822 0.455262 0.007552 0.002108
30 0.351822 0.455262 0.007552 0.002108
30 0.351822 0.455262 0.007552 0.002108
6 0.364048 0.459541 0.020693 0.039990
28 0.386655 0.459529 0.010726 0.013217
65 0.380794 0.459529 0.005363 0.034947
92 0.405127 0.459669 0.010394 0.037853
30 0.413571 0.455049 0.003243 0.002566
92 0.442200 0.459669 0.010394 0.037853
34 0.466548 0.465750 0.007713 0.013513
30 0.501533 0.467896 0.010495 0.004261
30 0.501533 0.467896 0.010495 0.004261
30 0.501533 0.467896 0.010495 0.004261
30 0.518032 0.465770 0.007713 0.013304
67 0.513632 0.465656 0.004812 0.034758
28 0.537799 0.466180 0.010853 0.006415
92 0.552188 0.459669 0.010921 0.038667
28 0.571740 0.467851 0.011270 0.013502
28 0.571763 0.459530 0.011270 0.013502
30 0.571781 0.453241 0.011270 0.013502
92 0.591137 0.459669 0.010921 0.038667
30 0.635585 0.464439 0.008162 0.006677
92 0.653987 0.459665 0.021735 0.034507
91 0.686216 0.458493 0.021437 0.005678
30 0.769409 0.465777 0.006657 0.013507
28 0.776844 0.463699 0.006657 0.013507
30 0.793433 0.460365 0.009436 0.006782
28 0.780477 0.458812 0.005426 0.004399
30 0.780477 0.458812 0.005426 0.004399
28 0.796762 0.455342 0.006657 0.013507
30 0.804726 0.453241 0.006657 0.013507
67 0.800847 0.453125 0.004153 0.035287
28 0.809733 0.451136 0.006657 0.013507
28 0.824465 0.451136 0.006657 0.013507
30 0.831984 0.453241 0.006657 0.013507
65 0.828343 0.453241 0.003329 0.035712
28 0.836977 0.455342 0.006657 0.013507
30 0.841943 0.457438 0.006657 0.013507
27 0.846966 0.459541 0.008483 0.028004
6 0.858429 0.459541 0.009648 0.038722
28 0.888603 0.458946 0.010559 0.003208
92 0.891367 0.459669 0.004846 0.029337
91 0.902399 0.458496 0.004780 0.004827
27 0.865153 0.459541 0.006373 0.021238
30 0.153180 0.492726 0.002954 0.001576
30 0.165463 0.492720 0.002954 0.001576
30 0.181920 0.492712 0.002954 0.001576
30 0.201861 0.492702 0.002954 0.001576
30 0.218602 0.492694 0.002954 0.001576
30 0.235441 0.492686 0.002954 0.001576
30 0.252425 0.492678 0.002954 0.001576
30 0.269510 0.492670 0.002954 0.001576
28 0.291676 0.498919 0.001414 0.001477
30 0.298007 0.484480 0.001414 0.001477
30 0.308832 0.484480 0.001414 0.001477
30 0.325263 0.481221 0.004012 0.007102
30 0.329183 0.481412 0.005015 0.004720
30 0.335101 0.481950 0.006549 0.005361
30 0.340021 0.488560 0.001414 0.001477
30 0.347889 0.488560 0.001414 0.001477
8 0.364942 0.493353 0.007151 0.003849
30 0.386407 0.496820 0.003239 0.001227
92 0.404883 0.494887 0.003138 0.003515
28 0.423477 0.490625 0.003239 0.001227
92 0.442077 0.494887 0.003138 0.003515
34 0.466559 0.488550 0.002287 0.001256
30 0.491707 0.488569 0.002287 0.001236
30 0.500258 0.488564 0.002287 0.001236
30 0.508802 0.488559 0.002287 0.001236
30 0.517882 0.488554 0.002287 0.001236
67 0.513463 0.488443 0.001427 0.003230
28 0.533102 0.486515 0.003394 0.001246
92 0.552185 0.494887 0.003289 0.003567
28 0.565292 0.493878 0.008966 0.003757
92 0.591142 0.494887 0.003289 0.003567
30 0.619220 0.486784 0.005469 0.002291
92 0.653127 0.494886 0.005425 0.003893
91 0.685189 0.493723 0.005351 0.000641
28 0.768930 0.503126 0.002005 0.001247
30 0.776562 0.501018 0.002005 0.001247
28 0.793500 0.497454 0.008020 0.003162
30 0.793500 0.497454 0.008020 0.003162
28 0.780534 0.493460 0.004718 0.002291
30 0.796815 0.492677 0.002005 0.001247
28 0.817266 0.493545 0.007961 0.002245
67 0.800910 0.490500 0.001251 0.003259
30 0.809726 0.488560 0.002005 0.001247
30 0.824297 0.488560 0.002005 0.001247
28 0.831809 0.490614 0.002005 0.001247
65 0.828196 0.490614 0.001002 0.003298
30 0.836855 0.492677 0.002005 0.001247
28 0.841907 0.494748 0.002005 0.001247
27 0.846966 0.494760 0.002555 0.002586
8 0.858937 0.493349 0.004162 0.004596
30 0.880256 0.496825 0.001885 0.001465
92 0.891272 0.494887 0.001827 0.004197
91 0.902294 0.493725 0.001802 0.000691
27 0.865103 0.494761 0.002402 0.003038
88 0.104881 0.546385 0.012703 0.002078
88 0.236779 0.546386 0.003138 0.002078
88 0.292990 0.546386 0.003486 0.002078
36 0.329734 0.532877 0.009579 0.004409
5 0.420070 0.550089 0.008628 0.028875
36 0.427150 0.529187 0.008729 0.005361
67 0.431191 0.532761 0.002616 0.011518
30 0.501236 0.530799 0.005356 0.004409
92 0.519243 0.549627 0.005190 0.012627
91 0.537295 0.548462 0.005119 0.002077
88 0.626586 0.546386 0.006357 0.002077
88 0.711353 0.546386 0.003486 0.002077
88 0.771549 0.546386 0.003516 0.002077
5 0.804205 0.550089 0.008053 0.028860
38 0.816289 0.529573 0.005427 0.004811
38 0.871285 0.529189 0.008672 0.006186
88 0.104562 0.581194 0.011365 0.001955
88 0.236616 0.581171 0.002867 0.001914
88 0.292988 0.581165 0.003279 0.001864
38 0.336590 0.576481 0.003007 0.002474
5 0.420036 0.584899 0.008458 0.028191
38 0.436391 0.573904 0.005293 0.004304
28 0.501250 0.575981 0.004944 0.004126
92 0.519007 0.584430 0.004791 0.011817
91 0.537018 0.583257 0.004725 0.001944
88 0.626209 0.581174 0.005743 0.001956
88 0.711351 0.581165 0.003295 0.001881
88 0.771549 0.581165 0.003324 0.001886
5 0.804163 0.584888 0.007588 0.026171
36 0.804469 0.570469 0.003952 0.002749
36 0.874396 0.571940 0.006490 0.003299
63 0.865712 0.569308 0.004808 0.010552
88 0.104572 0.617090 0.010680 0.001851
88 0.236638 0.617056 0.002776 0.001773
88 0.292988 0.617053 0.003151 0.001721
88 0.365982 0.617053 0.006427 0.001763
5 0.420018 0.620776 0.007938 0.024960
38 0.436396 0.613955 0.004968 0.003811
28 0.501276 0.611818 0.005305 0.004368
92 0.519240 0.620326 0.005141 0.012509
91 0.537294 0.619152 0.005070 0.002058
88 0.626582 0.617053 0.005774 0.001743
88 0.711351 0.617053 0.003166 0.001736
88 0.771549 0.617053 0.003194 0.001741
5 0.804176 0.620774 0.007283 0.023992
38 0.803098 0.621942 0.009498 0.005544
38 0.877080 0.622808 0.006903 0.003712
63 0.866453 0.619835 0.004353 0.009302
88 0.106141 0.659690 0.023101 0.003483
88 0.237032 0.659763 0.004835 0.004037
88 0.292987 0.659767 0.004980 0.004320
36 0.329812 0.641686 0.018035 0.007204
8 0.420455 0.661458 0.013281 0.027392
36 0.427614 0.643023 0.008375 0.006186
30 0.501018 0.643623 0.008010 0.008067
92 0.519669 0.663010 0.007762 0.023102
91 0.537801 0.661840 0.007655 0.003801
88 0.627533 0.659768 0.010564 0.003645
88 0.711350 0.659767 0.004961 0.004277
88 0.771547 0.659767 0.005004 0.004323
8 0.804541 0.661465 0.012490 0.028134
38 0.809335 0.648877 0.004188 0.002566
36 0.883812 0.651746 0.003245 0.002566
88 0.105541 0.696232 0.012606 0.002051
88 0.236776 0.696232 0.003135 0.002051
88 0.292988 0.696232 0.003482 0.002051
88 0.365981 0.696232 0.007102 0.002051
5 0.420069 0.699889 0.008622 0.028505
88 0.460295 0.696232 0.004005 0.002051
88 0.534971 0.696232 0.005114 0.002051
88 0.626582 0.696232 0.006351 0.002051
88 0.711351 0.696232 0.003482 0.002051
88 0.771548 0.696232 0.003513 0.002051
5 0.804206 0.699889 0.008053 0.028506
36 0.819032 0.695586 0.007024 0.006181
36 0.873599 0.696013 0.005400 0.003835
88 0.105207 0.733068 0.012648 0.002102
88 0.236776 0.733068 0.003135 0.002102
88 0.292988 0.733068 0.003482 0.002102
88 0.365981 0.733068 0.007102 0.002102
5 0.420069 0.736817 0.008622 0.029221
88 0.460295 0.733068 0.004005 0.002102
88 0.534971 0.733068 0.005114 0.002102
88 0.626582 0.733068 0.006351 0.002102
88 0.711351 0.733068 0.003482 0.002102
88 0.771548 0.733068 0.003513 0.002102
5 0.804206 0.736817 0.008053 0.029221
88 0.833725 0.733068 0.003741 0.002102
88 0.892345 0.733068 0.007441 0.002102
88 0.106101 0.768385 0.044528 0.009122
88 0.236941 0.768455 0.007956 0.010583
88 0.292987 0.768457 0.007976 0.011061
88 0.366865 0.768444 0.026912 0.008726
8 0.420407 0.770157 0.021352 0.039990
88 0.460423 0.768456 0.009243 0.010629
88 0.535278 0.768455 0.012921 0.010427
88 0.627344 0.768456 0.018668 0.009834
88 0.711625 0.768454 0.009426 0.010267
88 0.771547 0.768457 0.007996 0.011015
8 0.804521 0.770159 0.020095 0.039990
88 0.833791 0.768457 0.008699 0.010910
88 0.892603 0.768454 0.019551 0.010625
32 0.123023 0.821923 0.007038 0.002263
30 0.184304 0.827026 0.007579 0.005630
30 0.194635 0.822790 0.008729 0.005051
28 0.220679 0.818726 0.005837 0.002612
77 0.211166 0.823971 0.001429 0.003265
28 0.220679 0.818726 0.005837 0.002612
77 0.218305 0.823971 0.001429 0.003265
30 0.232006 0.823956 0.003302 0.002841
77 0.225495 0.830115 0.001429 0.003265
30 0.232006 0.823956 0.003302 0.002841
77 0.232616 0.826023 0.001429 0.003265
28 0.244226 0.819586 0.003302 0.002337
77 0.239750 0.823971 0.001429 0.003265
28 0.244226 0.819586 0.003302 0.002337
77 0.246903 0.823971 0.001429 0.003265
30 0.254026 0.826524 0.004681 0.009037
77 0.254001 0.830115 0.001429 0.003265
30 0.261207 0.822417 0.004681 0.009037
77 0.261169 0.826023 0.001429 0.003265
28 0.271897 0.820357 0.005199 0.009061
77 0.271945 0.823971 0.001587 0.003273
28 0.284065 0.816223 0.005199 0.009061
77 0.284091 0.819852 0.001587 0.003273
28 0.296302 0.812071 0.005199 0.009061
77 0.296300 0.818315 0.001587 0.003273
28 0.308592 0.807902 0.005199 0.009061
76 0.308650 0.801614 0.001587 0.003273
30 0.328622 0.805810 0.010605 0.009283
92 0.353570 0.808041 0.010277 0.026585
91 0.378580 0.806868 0.010136 0.004374
5 0.420096 0.808506 0.012318 0.039990
91 0.435854 0.806867 0.005722 0.004222
92 0.457466 0.808041 0.005802 0.025659
30 0.471668 0.809989 0.005987 0.008959
28 0.477783 0.812070 0.005987 0.008959
30 0.492357 0.816628 0.005367 0.002383
28 0.492357 0.816628 0.005367 0.002383
34 0.506506 0.820090 0.007252 0.005086
28 0.555439 0.824459 0.007811 0.008861
28 0.566827 0.819534 0.006427 0.002199
67 0.564561 0.820221 0.004873 0.023150
34 0.584988 0.818333 0.010162 0.008762
28 0.648532 0.826774 0.003656 0.002429
28 0.667810 0.822986 0.006840 0.002291
67 0.663443 0.820196 0.006340 0.022538
30 0.691156 0.819435 0.007962 0.004857
77 0.682647 0.821914 0.001585 0.003259
30 0.691156 0.819435 0.007962 0.004857
77 0.690633 0.821914 0.001585 0.003259
28 0.691640 0.824901 0.003185 0.002474
77 0.698646 0.828071 0.001585 0.003259
28 0.716937 0.818916 0.003303 0.002566
67 0.702758 0.820242 0.003238 0.023568
77 0.706852 0.823971 0.001585 0.003259
30 0.716937 0.818916 0.003303 0.002566
77 0.714834 0.821914 0.001585 0.003259
30 0.716937 0.818916 0.003303 0.002566
77 0.722804 0.821914 0.001585 0.003259
28 0.730757 0.824473 0.005190 0.009021
77 0.730729 0.828071 0.001585 0.003259
28 0.738791 0.820357 0.005190 0.009021
77 0.738748 0.823971 0.001585 0.003259
30 0.750198 0.818292 0.005235 0.009045
77 0.750246 0.821914 0.001598 0.003268
30 0.762536 0.814149 0.005235 0.009045
77 0.762564 0.818315 0.001598 0.003268
30 0.771765 0.808568 0.007964 0.008248
77 0.774929 0.814172 0.001598 0.003268
30 0.787373 0.805810 0.005235 0.009045
67 0.783653 0.805694 0.003266 0.023631
76 0.787415 0.801614 0.001598 0.003268
5 0.804222 0.808506 0.011533 0.039990
28 0.815343 0.804194 0.005427 0.002245
92 0.827782 0.808041 0.005432 0.025860
91 0.840227 0.806868 0.005357 0.004255
36 0.882953 0.823014 0.003658 0.002520
65 0.866360 0.820397 0.005737 0.023518
30 0.104321 0.870186 0.026418 0.031912
92 0.128825 0.851685 0.025599 0.039990
91 0.153876 0.850515 0.025249 0.015037
30 0.217695 0.871289 0.007960 0.005911
92 0.225431 0.851687 0.010416 0.039990
30 0.239862 0.869885 0.010749 0.035552
92 0.254236 0.851686 0.010416 0.039990
30 0.272173 0.869876 0.010488 0.037022
92 0.283971 0.851688 0.010163 0.039990
91 0.296231 0.850522 0.010024 0.017445
88 0.366844 0.848424 0.037866 0.013904
5 0.420122 0.852151 0.025126 0.039990
91 0.435876 0.850521 0.011671 0.016818
92 0.457507 0.851688 0.011833 0.039990
30 0.471685 0.853620 0.012212 0.035691
28 0.477765 0.855680 0.012212 0.035691
30 0.483797 0.857730 0.012212 0.035691
28 0.489816 0.859770 0.012212 0.035691
30 0.501697 0.861879 0.017424 0.035073
92 0.519471 0.851687 0.016884 0.039990
91 0.537559 0.850521 0.016653 0.016527
28 0.585612 0.868068 0.025623 0.032636
92 0.607630 0.851684 0.024830 0.039990
91 0.630143 0.850520 0.024489 0.015378
28 0.690897 0.871478 0.006488 0.002566
92 0.698655 0.851686 0.012580 0.039990
28 0.715049 0.867882 0.012982 0.034862
92 0.731025 0.851685 0.012580 0.039990
28 0.750454 0.867875 0.010563 0.037211
92 0.762450 0.851688 0.010236 0.039990
91 0.774853 0.850522 0.010096 0.017534
5 0.804238 0.852150 0.024485 0.039990
38 0.816100 0.861828 0.015323 0.039265
36 0.882604 0.866404 0.003658 0.002795
30 0.126514 0.897805 0.009061 0.010065
92 0.145743 0.887507 0.008780 0.028824
91 0.165173 0.886333 0.008660 0.004742
30 0.211083 0.897759 0.004995 0.010287
92 0.225305 0.887508 0.004840 0.029460
30 0.239751 0.897759 0.004995 0.010287
92 0.254140 0.887508 0.004840 0.029460
30 0.271874 0.897759 0.005547 0.010314
92 0.283970 0.887508 0.005376 0.029538
91 0.296230 0.886335 0.005302 0.004860
88 0.365980 0.884241 0.010815 0.004979
6 0.419814 0.887380 0.012341 0.038679
91 0.435848 0.886334 0.006114 0.004821
92 0.457458 0.887508 0.006199 0.029304
28 0.471643 0.891538 0.006397 0.010232
30 0.477754 0.893615 0.006397 0.010232
28 0.483830 0.895686 0.006397 0.010232
30 0.489910 0.897753 0.006397 0.010232
28 0.507011 0.896281 0.008903 0.006552
92 0.519348 0.887507 0.008084 0.029034
91 0.537419 0.886334 0.007973 0.004777
28 0.591158 0.894470 0.005779 0.002520
92 0.607326 0.887506 0.010528 0.028366
91 0.629794 0.886333 0.010383 0.004667
28 0.691976 0.894639 0.006252 0.003391
92 0.698446 0.887508 0.005374 0.029495
28 0.714835 0.895690 0.005546 0.010299
92 0.730865 0.887508 0.005374 0.029495
28 0.750174 0.895690 0.005594 0.010327
92 0.762450 0.887508 0.005421 0.029574
91 0.774851 0.886335 0.005347 0.004866
6 0.803962 0.887380 0.011694 0.039921
38 0.811040 0.887501 0.010677 0.004811
36 0.871663 0.889364 0.008377 0.006186
30 0.123013 0.927777 0.010760 0.006525
92 0.145850 0.926025 0.022608 0.039990
91 0.165324 0.924856 0.022298 0.021616
30 0.216245 0.928061 0.008373 0.005911
92 0.225418 0.926028 0.014681 0.039990
30 0.227699 0.929190 0.005837 0.004491
92 0.254225 0.926027 0.014681 0.039990
30 0.271849 0.927969 0.019196 0.039990
92 0.284089 0.926026 0.018602 0.039990
91 0.296363 0.924860 0.018347 0.029443
88 0.366813 0.922765 0.059189 0.024713
8 0.420395 0.924478 0.036017 0.039990
91 0.435864 0.924861 0.015591 0.029532
92 0.457493 0.926028 0.015807 0.039990
28 0.471839 0.917517 0.016312 0.039990
30 0.477989 0.919626 0.016312 0.039990
28 0.484090 0.921724 0.016312 0.039990
30 0.490179 0.923812 0.016312 0.039990
28 0.507935 0.926548 0.010849 0.005957
92 0.519443 0.926027 0.023411 0.039990
91 0.537526 0.924861 0.023090 0.028972
28 0.591333 0.926034 0.006781 0.005728
92 0.607568 0.926025 0.035140 0.039990
91 0.630070 0.924860 0.034659 0.026143
28 0.682487 0.925888 0.018674 0.039990
92 0.698633 0.926027 0.018096 0.039990
28 0.717872 0.925110 0.009142 0.003666
92 0.731008 0.926025 0.018096 0.039990
28 0.758006 0.925841 0.007256 0.004903
92 0.762450 0.926028 0.013677 0.039990
91 0.774853 0.924862 0.013490 0.031234
8 0.804515 0.924479 0.036714 0.039990
36 0.812859 0.928167 0.006194 0.004491
38 0.871048 0.929088 0.007256 0.004720
