26 0.170420 0.291250 0.073037 0.084167
24 0.205113 0.498750 0.073037 0.084167
26 0.183810 0.712083 0.073037 0.084167
26 0.186853 0.890417 0.073037 0.084167
26 0.485697 0.291250 0.073037 0.084167
24 0.480828 0.498750 0.073037 0.084167
24 0.727937 0.333750 0.073037 0.084167
26 0.799757 0.373750 0.073037 0.084167
24 0.925137 0.413750 0.073037 0.084167
40 0.262021 0.278750 0.061473 0.084167
40 0.260803 0.456250 0.061473 0.084167
40 0.541996 0.291250 0.061473 0.084167
40 0.555386 0.456250 0.061473 0.084167
61 0.094340 0.497917 0.081558 0.292500
122 0.355447 0.194583 0.247109 0.095833
122 0.330797 0.595417 0.200243 0.107500
120 0.863055 0.233333 0.264151 0.105000
192 0.073341 0.869583 0.113816 0.244167
73 0.473828 0.019583 0.024954 0.029167
201 0.345405 0.966667 0.234327 0.066667
95 0.321668 0.066250 0.091905 0.132500
199 0.345405 0.966667 0.233110 0.066667
201 0.900183 0.988750 0.199635 0.022500
