24 0.178496 0.498750 0.084329 0.084167
24 0.657765 0.142083 0.084329 0.084167
87 0.354533 0.502917 0.092059 0.145833
87 0.500000 0.505000 0.111736 0.150000
40 0.764582 0.137917 0.063247 0.057500
59 0.565004 0.102917 0.068869 0.194167
61 0.085383 0.502500 0.076599 0.273333
72 0.190443 0.382083 0.060436 0.055833
120 0.833802 0.077500 0.288826 0.126667
170 0.571680 0.812917 0.066760 0.215833
24 0.672171 0.849167 0.093465 0.095000
72 0.181658 0.919583 0.030218 0.029167
166 0.181658 0.626667 0.085032 0.258333
159 0.764230 0.800417 0.031623 0.040833
1 0.669361 0.938750 0.127196 0.020833
28 0.183767 0.984583 0.087843 0.030833
1 0.671820 0.851250 0.129304 0.022500
200 0.849262 0.867917 0.300070 0.235833
1 0.660928 0.262500 0.128602 0.018333
201 0.849262 0.824583 0.301476 0.144167
