26 0.163885 0.301250 0.091047 0.084167
24 0.169954 0.498750 0.091047 0.084167
24 0.688164 0.248750 0.091047 0.084167
87 0.377466 0.499583 0.090288 0.152500
87 0.525038 0.495000 0.104704 0.161667
61 0.064492 0.493333 0.081942 0.275000
72 0.182853 0.193333 0.065250 0.071667
40 0.775417 0.206250 0.054628 0.060833
40 0.597117 0.712083 0.165402 0.210833
192 0.784143 0.202500 0.058422 0.053333
192 0.685508 0.724167 0.178300 0.253333
40 0.836495 0.177500 0.276935 0.110000
24 0.173369 0.933750 0.105463 0.097500
159 0.774659 0.967083 0.033384 0.037500
72 0.177162 0.850417 0.026555 0.029167
1 0.173748 0.931250 0.159332 0.014167
166 0.181715 0.598750 0.106980 0.244167
26 0.989378 0.446667 0.021244 0.078333
26 0.988240 0.975000 0.023520 0.050000
199 0.836874 0.945000 0.324734 0.110000
183 0.680956 0.964583 0.103945 0.065833
24 0.988619 0.363333 0.022762 0.078333
201 0.498483 0.310417 0.993930 0.064167
