24 0.083496 0.499544 0.052734 0.083029
24 0.477539 0.499544 0.052734 0.083029
26 0.607910 0.539690 0.052734 0.083029
24 0.737793 0.579836 0.052734 0.083029
26 0.859863 0.623631 0.052734 0.083029
40 0.136475 0.458485 0.044434 0.083029
40 0.526123 0.458485 0.044434 0.083029
122 0.281494 0.383668 0.358887 0.150547
120 0.739502 0.692974 0.240723 0.156022
61 0.679688 0.580292 0.063477 0.293796
61 0.808105 0.622263 0.049805 0.271898
200 0.691406 0.302007 0.404297 0.142336
200 0.713135 0.114051 0.256348 0.098540
200 0.638916 0.159672 0.406738 0.125912
26 0.523193 0.982208 0.024902 0.035584
184 0.063232 0.057938 0.016113 0.112226
26 0.006104 0.052464 0.012207 0.046533
26 0.005859 0.229471 0.011719 0.052007
