24 0.100098 0.355536 0.046875 0.072007
24 0.100098 0.501350 0.056641 0.086409
26 0.206299 0.390639 0.055176 0.073807
24 0.257080 0.433843 0.060059 0.073807
24 0.398926 0.500000 0.053711 0.076508
26 0.398926 0.389289 0.063477 0.083708
26 0.566895 0.387489 0.058594 0.080108
24 0.565186 0.500000 0.058105 0.076508
24 0.775391 0.356886 0.051758 0.098110
26 0.779785 0.538254 0.056641 0.086409
26 0.878174 0.533753 0.057129 0.077408
26 0.879883 0.608011 0.049805 0.076508
61 0.716797 0.363186 0.051758 0.258326
61 0.343994 0.392439 0.050293 0.261026
125 0.166016 0.866337 0.202148 0.101710
124 0.448975 0.883438 0.156738 0.123312
125 0.711914 0.887489 0.338867 0.095410
120 0.636963 0.744824 0.469238 0.276328
120 0.651123 0.109361 0.523926 0.132313
120 0.121094 0.099910 0.232422 0.138614
120 0.146973 0.756976 0.273438 0.117012
122 0.056885 0.280378 0.100098 0.123312
122 0.053467 0.576958 0.086426 0.113411
122 0.478271 0.580108 0.185059 0.101710
122 0.504395 0.321782 0.183594 0.076508
200 0.174072 0.170117 0.104004 0.075608
200 0.745117 0.190819 0.303711 0.032403
26 0.993408 0.674617 0.013184 0.054905
