24 0.817139 0.950495 0.055176 0.087129
26 0.906738 0.910891 0.049805 0.087129
26 0.472168 0.771287 0.048828 0.079208
26 0.717773 0.973762 0.048828 0.052475
40 0.197021 0.530693 0.018066 0.037624
24 0.149902 0.807426 0.048828 0.078218
26 0.351318 0.767327 0.047363 0.077228
122 0.410645 0.698515 0.110352 0.046535
120 0.462402 0.702475 0.911133 0.317822
28 0.148438 0.572277 0.041992 0.071287
40 0.193848 0.535644 0.035156 0.071287
184 0.008057 0.456436 0.016113 0.251485
170 0.576904 0.959901 0.031738 0.080198
173 0.508301 0.237624 0.025391 0.045545
24 0.006348 0.248020 0.012695 0.052475
24 0.938965 0.238119 0.022461 0.044554
1 0.470947 0.885149 0.066895 0.017822
1 0.348389 0.954950 0.067871 0.018812
1 0.347656 0.884158 0.067383 0.019802
201 0.031738 0.016337 0.062500 0.032673
199 0.959961 0.819307 0.080078 0.080198
171 0.576660 0.959901 0.031250 0.080198
24 0.633057 0.990099 0.047363 0.019802
1 0.144043 0.959406 0.070312 0.021782
32 0.632568 0.990099 0.046387 0.019802
