24 0.130371 0.354941 0.052734 0.071146
24 0.572754 0.351779 0.052734 0.071146
24 0.859863 0.349407 0.052734 0.071146
40 0.185547 0.320949 0.043945 0.071146
122 0.346436 0.260870 0.389160 0.132806
120 0.559326 0.186561 0.857910 0.205534
63 0.787109 0.344664 0.058594 0.251383
192 0.083496 0.825692 0.113281 0.230040
192 0.143555 0.826877 0.120117 0.205534
95 0.115234 0.162451 0.100586 0.176285
24 0.031006 0.225296 0.029785 0.049012
166 0.858887 0.455336 0.062500 0.241897
199 0.567383 0.046245 0.865234 0.092490
95 0.072998 0.162846 0.102051 0.178656
26 0.009277 0.463241 0.018555 0.061660
201 0.501953 0.459289 0.996094 0.105929
73 0.536133 0.006324 0.009766 0.012648
201 0.501465 0.690909 0.994141 0.104348
