24 0.432617 0.332948 0.041992 0.083237
24 0.435547 0.415029 0.041992 0.083237
24 0.696289 0.332948 0.041992 0.083237
24 0.694336 0.415029 0.041992 0.083237
40 0.742676 0.291329 0.035156 0.083237
40 0.749512 0.374566 0.035156 0.083237
87 0.514893 0.496532 0.055176 0.169942
87 0.596924 0.493642 0.048340 0.150289
122 0.840576 0.195376 0.302246 0.138728
122 0.848877 0.517919 0.288574 0.127168
5 0.104248 0.498266 0.102051 0.640462
141 0.109131 0.937572 0.085449 0.124855
200 0.803711 0.061850 0.248047 0.123699
166 0.437988 0.534682 0.050781 0.267052
200 0.802979 0.028324 0.252441 0.056647
201 0.836182 0.033526 0.324707 0.067052
