26 0.104731 0.463571 0.058650 0.071429
26 0.287087 0.535000 0.058650 0.071429
26 0.548793 0.535000 0.058650 0.071429
24 0.697634 0.498571 0.058650 0.071429
26 0.824298 0.535000 0.058650 0.071429
59 0.638492 0.458571 0.058650 0.191429
122 0.428043 0.621786 0.232134 0.082143
120 0.517496 0.655714 0.510596 0.140000
124 0.382208 0.752500 0.213406 0.120714
125 0.613603 0.758571 0.211927 0.084286
124 0.903154 0.750000 0.176934 0.125714
122 0.924840 0.618214 0.133563 0.079286
120 0.915722 0.664286 0.151799 0.094286
24 0.223016 0.501786 0.043864 0.057857
200 0.895269 0.110000 0.165106 0.047143
95 0.397486 0.888214 0.089207 0.125000
95 0.386890 0.160000 0.069985 0.122857
95 0.415229 0.154643 0.063578 0.107857
200 0.895515 0.096429 0.165599 0.055714
200 0.895269 0.087500 0.165106 0.037857
26 0.009364 0.967857 0.018728 0.054286
159 0.503943 0.184286 0.017250 0.020000
97 0.474618 0.870000 0.058157 0.085714
184 0.908576 0.435000 0.026121 0.148571
162 0.169542 0.351429 0.045343 0.201429
200 0.375801 0.054643 0.177920 0.049286
26 0.009118 0.983929 0.018236 0.032143
93 0.472647 0.870000 0.058157 0.087143
184 0.903401 0.435714 0.037457 0.147143
200 0.595121 0.030714 0.165106 0.048571
26 0.008871 0.866786 0.017743 0.049286
109 0.170527 0.355000 0.044357 0.190000
26 0.006900 0.033929 0.013800 0.066429
71 0.601035 0.091786 0.172006 0.053571
97 0.474618 0.148571 0.056185 0.085714
166 0.823558 0.015714 0.048300 0.031429
