26 0.302246 0.320652 0.053711 0.071429
26 0.549316 0.320652 0.053711 0.071429
24 0.303711 0.571429 0.053711 0.071429
24 0.544434 0.571429 0.053711 0.071429
40 0.605957 0.320652 0.044922 0.071429
40 0.602539 0.607143 0.044922 0.071429
87 0.120361 0.443323 0.076660 0.153727
59 0.241211 0.285326 0.051758 0.193323
59 0.239746 0.538820 0.051758 0.206522
122 0.443115 0.241460 0.198730 0.074534
122 0.778076 0.218944 0.387207 0.086957
122 0.416504 0.661102 0.195312 0.079969
122 0.771973 0.664984 0.409180 0.076863
190 0.220459 0.746118 0.100098 0.180124
185 0.423828 0.882376 0.053711 0.138975
185 0.551025 0.870342 0.055176 0.144410
199 0.881104 0.062500 0.237793 0.106366
24 0.737549 0.954193 0.064941 0.086957
185 0.302734 0.878494 0.051758 0.137422
199 0.885742 0.867236 0.227539 0.093168
26 0.314209 0.973214 0.062012 0.053571
171 0.674316 0.050854 0.044922 0.101708
95 0.697266 0.790373 0.084961 0.135093
26 0.551270 0.973214 0.060547 0.053571
170 0.251221 0.930124 0.044434 0.139752
172 0.673828 0.051242 0.043945 0.102484
162 0.161865 0.963121 0.036621 0.073758
171 0.673340 0.918866 0.041992 0.162267
93 0.285889 0.076087 0.094238 0.133540
185 0.297119 0.870342 0.040527 0.127329
93 0.711426 0.790373 0.105469 0.136646
32 0.736572 0.015140 0.059082 0.030280
28 0.735596 0.015916 0.060059 0.031832
