122 0.290527 0.138739 0.056641 0.046847
5 0.079102 0.508108 0.068359 0.609009
67 0.143555 0.445946 0.030273 0.264865
67 0.166260 0.329730 0.031738 0.241441
67 0.189453 0.496396 0.035156 0.264865
21 0.233887 0.378378 0.040039 0.216216
20 0.229492 0.598198 0.038086 0.209009
26 0.317139 0.197297 0.033691 0.099099
24 0.360596 0.249550 0.040527 0.117117
26 0.424072 0.369369 0.029785 0.122523
24 0.466553 0.326126 0.024902 0.122523
24 0.505859 0.246847 0.026367 0.086486
24 0.546875 0.154054 0.028320 0.084685
24 0.590332 0.326126 0.035156 0.086486
24 0.797119 0.335135 0.024902 0.104505
63 0.768066 0.345045 0.033203 0.272072
62 0.919189 0.366667 0.024902 0.228829
27 0.945068 0.378378 0.020020 0.068468
25 0.974121 0.336036 0.021484 0.081081
120 0.429688 0.070270 0.258789 0.129730
124 0.641846 0.760360 0.686035 0.165766
40 0.626953 0.290090 0.021484 0.061261
40 0.837891 0.289189 0.023438 0.073874
103 0.808105 0.119820 0.053711 0.178378
120 0.900635 0.181081 0.175293 0.117117
61 0.392334 0.375676 0.029785 0.318919
141 0.078613 0.952252 0.054688 0.095495
200 0.448730 0.918018 0.228516 0.055856
109 0.538086 0.423423 0.012695 0.490090
197 0.808350 0.921622 0.046387 0.142342
200 0.447998 0.982883 0.228027 0.034234
109 0.495361 0.456757 0.013184 0.383784
1 0.549072 0.245045 0.042480 0.028829
24 0.875488 0.916216 0.021484 0.052252
109 0.348389 0.442342 0.014160 0.372973
184 0.789795 0.496396 0.011230 0.297297
