26 0.125201 0.374167 0.063807 0.083333
26 0.116622 0.624167 0.063807 0.083333
24 0.634048 0.196667 0.063807 0.083333
26 0.645845 0.539167 0.063807 0.083333
40 0.714745 0.166667 0.053619 0.083333
40 0.710992 0.539167 0.053619 0.083333
87 0.263807 0.491667 0.086863 0.158333
87 0.417426 0.500833 0.073458 0.155000
6 0.521716 0.392917 0.135121 0.329167
73 0.126005 0.757500 0.038606 0.036667
192 0.667828 0.815833 0.109920 0.246667
122 0.822252 0.114167 0.325469 0.120000
122 0.814745 0.640833 0.337265 0.135000
162 0.188204 0.285417 0.049330 0.260833
199 0.836729 0.903750 0.324397 0.095833
93 0.433512 0.821667 0.077748 0.180000
95 0.428686 0.822083 0.070241 0.179167
93 0.452011 0.819167 0.106166 0.178333
93 0.468901 0.792917 0.071314 0.120833
201 0.810188 0.473333 0.374263 0.063333
201 0.810188 0.387917 0.376408 0.070833
201 0.831903 0.570833 0.336193 0.043333
