24 0.120117 0.581081 0.042969 0.083333
26 0.128662 0.870495 0.060059 0.108108
26 0.464844 0.435248 0.058594 0.084459
24 0.465820 0.729167 0.053711 0.111486
24 0.825684 0.725788 0.058594 0.111486
26 0.822998 0.427365 0.053223 0.093468
122 0.061035 0.475225 0.098633 0.119369
122 0.075195 0.954955 0.120117 0.076577
40 0.177734 0.518018 0.028320 0.049550
40 0.181152 0.870495 0.025391 0.054054
162 0.869629 0.317005 0.039062 0.255631
32 0.131592 0.054054 0.058105 0.099099
1 0.128418 0.730293 0.072266 0.021396
159 0.180420 0.023086 0.019043 0.041667
34 0.130615 0.058559 0.059082 0.094595
