26 0.143311 0.707854 0.050293 0.082375
24 0.285400 0.499042 0.050293 0.082375
24 0.452393 0.499042 0.050293 0.082375
24 0.607666 0.499042 0.050293 0.082375
26 0.762451 0.539272 0.050293 0.082375
24 0.883057 0.666667 0.050293 0.082375
122 0.066650 0.790709 0.100098 0.121648
122 0.531738 0.402778 0.185547 0.085249
120 0.618408 0.253831 0.352051 0.206897
120 0.160400 0.771073 0.290527 0.337165
124 0.708740 0.849617 0.565918 0.120690
122 0.945801 0.718870 0.098633 0.081418
120 0.934814 0.748084 0.116699 0.101533
162 0.921387 0.508142 0.051758 0.261494
201 0.605469 0.012931 0.184570 0.025862
200 0.117432 0.051245 0.230957 0.102490
200 0.209961 0.294061 0.208008 0.126437
162 0.945557 0.510536 0.104004 0.262452
200 0.160889 0.289272 0.305176 0.118774
184 0.432373 0.626916 0.031738 0.246169
166 0.453613 0.613506 0.059570 0.202107
199 0.157471 0.284962 0.312988 0.119732
