24 0.290662 0.492143 0.072345 0.082857
26 0.597486 0.520357 0.029246 0.036429
24 0.542842 0.486786 0.070806 0.072143
93 0.298358 0.742143 0.056952 0.105714
93 0.260133 0.753571 0.082093 0.132857
120 0.578245 0.938571 0.816829 0.098571
40 0.212673 0.384286 0.027193 0.035714
28 0.133145 0.428571 0.061057 0.071429
87 0.137506 0.568214 0.071832 0.142143
24 0.287070 0.498571 0.061057 0.071429
24 0.535403 0.498571 0.061057 0.071429
40 0.217034 0.392143 0.051308 0.071429
40 0.597742 0.535000 0.051308 0.071429
87 0.135967 0.575000 0.055413 0.155714
122 0.582606 0.319643 0.797845 0.072143
122 0.398923 0.583214 0.203694 0.083571
122 0.761160 0.591429 0.430477 0.095714
122 0.072601 0.319643 0.128784 0.072143
190 0.281426 0.756429 0.128784 0.155714
182 0.477937 0.012143 0.075423 0.024286
200 0.075167 0.947143 0.145203 0.105714
182 0.477681 0.015000 0.074910 0.030000
26 0.991278 0.789286 0.017445 0.042857
24 0.989995 0.452143 0.020010 0.065714
26 0.990764 0.758929 0.018471 0.039286
26 0.989995 0.308571 0.020010 0.060000
