24 0.427246 0.571651 0.040039 0.071651
87 0.529297 0.440291 0.053711 0.141225
87 0.612549 0.433022 0.053223 0.155763
87 0.913086 0.440291 0.056641 0.149533
76 0.427490 0.292835 0.036621 0.074766
8 0.124512 0.420561 0.125000 0.330218
67 0.220459 0.471963 0.043457 0.198339
67 0.253662 0.358255 0.036621 0.205607
67 0.294678 0.506231 0.045410 0.202492
193 0.371338 0.736760 0.048340 0.123572
95 0.408203 0.727934 0.075195 0.234683
86 0.707031 0.447560 0.054688 0.220145
24 0.416016 0.093458 0.037109 0.047767
95 0.385986 0.183801 0.068848 0.147456
26 0.912598 0.012461 0.014648 0.024922
202 0.501709 0.032191 0.996582 0.064382
162 0.469238 0.471963 0.041016 0.198339
184 0.472168 0.469367 0.035156 0.195223
34 0.360840 0.146937 0.037109 0.061267
