5 0.077637 0.515625 0.078125 0.656250
67 0.153564 0.453906 0.033691 0.289062
67 0.181885 0.325781 0.029785 0.235937
67 0.210449 0.489063 0.033203 0.240625
84 0.632812 0.446094 0.046875 0.057813
141 0.078125 0.062500 0.061523 0.125000
141 0.080566 0.942187 0.060547 0.115625
159 0.351074 0.870313 0.013672 0.040625
32 0.315430 0.903906 0.039062 0.092188
200 0.653564 0.746875 0.678223 0.106250
28 0.313477 0.925000 0.038086 0.078125
26 0.995605 0.718750 0.008789 0.078125
26 0.995605 0.447656 0.008789 0.048438
