24 0.537372 0.570594 0.039082 0.071125
24 0.602833 0.570594 0.039082 0.071125
24 0.706400 0.570594 0.039082 0.071125
24 0.812897 0.570594 0.039082 0.071125
24 0.909624 0.570594 0.039082 0.071125
87 0.397411 0.433121 0.043478 0.148620
59 0.487543 0.533439 0.040059 0.217622
67 0.206155 0.460722 0.044944 0.203822
67 0.240352 0.349788 0.040059 0.207006
67 0.279678 0.496815 0.048363 0.195329
190 0.521739 0.756369 0.078163 0.185775
8 0.116023 0.399151 0.114802 0.326964
120 0.739619 0.683652 0.400586 0.127389
24 0.617245 0.030786 0.046409 0.061571
24 0.703957 0.030786 0.047875 0.061571
24 0.816317 0.030786 0.046898 0.061571
24 0.533464 0.032378 0.047875 0.064756
24 0.907181 0.030786 0.045921 0.061571
199 0.729116 0.121019 0.362970 0.084926
166 0.387885 0.051486 0.033219 0.102972
200 0.826820 0.361996 0.208598 0.044586
