40 0.196533 0.883284 0.020020 0.041543
40 0.196045 0.023244 0.020996 0.042532
28 0.140137 0.581602 0.048828 0.083086
30 0.145020 0.874382 0.048828 0.083086
40 0.196777 0.540059 0.041016 0.083086
40 0.198730 0.874382 0.041016 0.083086
122 0.583496 0.446588 0.795898 0.074184
122 0.061768 0.481701 0.109863 0.090999
122 0.580078 0.948566 0.819336 0.098912
122 0.072510 0.963897 0.145020 0.054402
28 0.139404 0.057369 0.065918 0.092977
1 0.141113 0.738378 0.078125 0.024728
1 0.143066 0.822453 0.083008 0.024728
1 0.145264 0.826904 0.082520 0.027695
26 0.994141 0.027201 0.011719 0.046489
