84 0.498231 0.378040 0.098584 0.052217
170 0.430991 0.693133 0.048028 0.185980
26 0.127401 0.721745 0.067745 0.075823
159 0.187563 0.721745 0.022245 0.031474
159 0.570779 0.724964 0.025278 0.030758
70 0.517947 0.625179 0.095551 0.071531
26 0.505056 0.722818 0.062690 0.079399
201 0.771739 0.636981 0.456522 0.062232
1 0.124368 0.762876 0.086957 0.016452
16 0.008342 0.071888 0.016684 0.103720
200 0.517947 0.624821 0.095551 0.069385
1 0.507583 0.766452 0.097068 0.017883
1 0.502528 0.835837 0.094034 0.019313
201 0.500253 0.288269 0.999494 0.031474
16 0.993680 0.040415 0.012639 0.080830
