26 0.255371 0.392405 0.048828 0.070886
24 0.258789 0.569620 0.048828 0.070886
26 0.423828 0.099578 0.048828 0.070886
26 0.614258 0.101266 0.048828 0.070886
24 0.771484 0.296203 0.048828 0.070886
86 0.611816 0.640928 0.054688 0.213502
87 0.408203 0.642194 0.048828 0.118143
87 0.511719 0.640506 0.054688 0.138397
87 0.881592 0.638819 0.050293 0.129958
61 0.200195 0.565401 0.040039 0.236287
61 0.706299 0.316034 0.043457 0.233755
72 0.258057 0.301688 0.031738 0.054852
18 0.099365 0.486076 0.081543 0.146835
20 0.095215 0.647679 0.063477 0.135865
122 0.531006 0.033333 0.187012 0.043038
122 0.899902 0.208861 0.193359 0.124051
95 0.364014 0.882278 0.059082 0.137553
95 0.223145 0.893249 0.088867 0.198312
166 0.263184 0.667089 0.051758 0.235443
199 0.527832 0.960759 0.175781 0.078481
26 0.993408 0.975527 0.013184 0.048945
26 0.008301 0.982278 0.016602 0.035443
115 0.794678 0.182278 0.025879 0.143460
184 0.668213 0.918565 0.048340 0.162869
26 0.007568 0.961603 0.015137 0.037975
24 0.992920 0.907173 0.014160 0.059072
1 0.617920 0.205485 0.082520 0.024473
184 0.680420 0.048523 0.031738 0.097046
26 0.007080 0.682278 0.014160 0.064979
184 0.648193 0.899578 0.019043 0.192405
1 0.416504 0.205907 0.083984 0.025316
