26 0.133468 0.109084 0.060667 0.072246
26 0.497472 0.104793 0.060667 0.072246
40 0.190344 0.102647 0.051062 0.072246
40 0.565470 0.102647 0.051062 0.072246
59 0.428969 0.091202 0.053084 0.172389
122 0.047523 0.045064 0.081901 0.061516
122 0.764661 0.035408 0.437310 0.070815
120 0.729525 0.024678 0.530839 0.049356
170 0.429221 0.920601 0.048534 0.158798
170 0.050051 0.931688 0.041456 0.136624
24 0.123104 0.962446 0.073306 0.070815
24 0.333418 0.962089 0.076340 0.071531
24 0.747219 0.962089 0.075834 0.070100
24 0.229019 0.963519 0.076845 0.068670
24 0.607432 0.963519 0.073306 0.068670
24 0.500506 0.963519 0.070779 0.067239
171 0.049292 0.931330 0.041962 0.137339
1 0.119565 0.969957 0.096562 0.020029
1 0.231294 0.969957 0.099596 0.014306
1 0.503033 0.292561 0.095046 0.024320
1 0.334176 0.968169 0.102123 0.017883
1 0.507836 0.151645 0.096562 0.024320
