24 0.131836 0.581869 0.052734 0.083256
24 0.248535 0.581869 0.052734 0.083256
26 0.365723 0.538390 0.052734 0.083256
24 0.542480 0.495837 0.052734 0.083256
24 0.652832 0.495837 0.052734 0.083256
26 0.866211 0.454209 0.052734 0.083256
61 0.072754 0.583256 0.044922 0.287697
61 0.474854 0.494912 0.048340 0.294172
124 0.360596 0.827012 0.678223 0.173913
95 0.862305 0.811286 0.115234 0.249769
95 0.860840 0.108696 0.106445 0.213691
200 0.041748 0.015264 0.054199 0.030527
200 0.080566 0.040241 0.156250 0.080481
200 0.346436 0.100370 0.691895 0.113784
200 0.334961 0.155874 0.669922 0.086031
1 0.576660 0.487974 0.088867 0.021277
109 0.398193 0.415356 0.017090 0.216466
109 0.155762 0.445883 0.016602 0.231267
1 0.551025 0.572618 0.125488 0.018501
1 0.663086 0.569380 0.092773 0.017576
