24 0.138428 0.750732 0.049316 0.082927
24 0.288330 0.667805 0.049316 0.082927
24 0.443604 0.667805 0.049316 0.082927
24 0.593994 0.667805 0.049316 0.082927
26 0.764404 0.708780 0.049316 0.082927
26 0.867920 0.708780 0.049316 0.082927
59 0.227051 0.641951 0.049805 0.249756
61 0.706299 0.707317 0.043457 0.253659
122 0.068604 0.840976 0.106934 0.126829
122 0.523438 0.777561 0.178711 0.093659
122 0.933350 0.807317 0.123535 0.100488
120 0.152832 0.874146 0.291992 0.193171
120 0.595215 0.837073 0.332031 0.140488
120 0.922363 0.857073 0.141602 0.106341
124 0.712891 0.949268 0.564453 0.089756
201 0.517334 0.013659 0.144043 0.027317
200 0.143555 0.044878 0.276367 0.089756
200 0.515625 0.014146 0.144531 0.028293
200 0.593018 0.052683 0.309082 0.105366
200 0.239014 0.448293 0.164551 0.100488
109 0.790039 0.548293 0.022461 0.275122
200 0.946777 0.028780 0.106445 0.057561
199 0.145752 0.043415 0.272949 0.086829
200 0.718994 0.132195 0.562012 0.090732
109 0.163818 0.608293 0.021973 0.264390
199 0.593018 0.048293 0.313965 0.096585
26 0.006104 0.029756 0.012207 0.055610
162 0.496826 0.520976 0.057129 0.249756
