26 0.257324 0.292035 0.048828 0.082596
24 0.255371 0.498525 0.048828 0.082596
24 0.412598 0.247788 0.048828 0.082596
24 0.619141 0.247788 0.048828 0.082596
24 0.768066 0.498525 0.048828 0.082596
61 0.198730 0.497542 0.046875 0.275320
61 0.712158 0.499017 0.048340 0.272370
86 0.615234 0.581613 0.058594 0.282203
87 0.404785 0.585054 0.065430 0.161259
87 0.516846 0.580138 0.055176 0.151426
87 0.883301 0.578171 0.056641 0.155359
18 0.101807 0.405113 0.083496 0.151426
20 0.097900 0.588496 0.071777 0.154376
95 0.238037 0.831858 0.111816 0.245821
190 0.394043 0.879056 0.096680 0.218289
122 0.530762 0.152901 0.166992 0.097345
122 0.894043 0.376598 0.181641 0.114061
95 0.218994 0.101278 0.079590 0.196657
166 0.264893 0.628319 0.053223 0.237955
162 0.669922 0.160275 0.044922 0.202557
72 0.260254 0.197148 0.016602 0.030482
95 0.368164 0.077679 0.068359 0.155359
170 0.658447 0.959685 0.038574 0.080629
184 0.010986 0.926745 0.020996 0.146509
184 0.674561 0.153884 0.035645 0.213373
167 0.270508 0.625369 0.043945 0.245821
184 0.648438 0.098328 0.030273 0.196657
26 0.993164 0.615044 0.013672 0.071780
1 0.113525 0.494592 0.113770 0.025565
24 0.993408 0.143559 0.013184 0.051131
