24 0.126953 0.499214 0.052734 0.071485
24 0.251953 0.499214 0.052734 0.071485
24 0.375488 0.428515 0.052734 0.071485
24 0.537598 0.428515 0.052734 0.071485
24 0.649414 0.428515 0.052734 0.071485
26 0.877930 0.392380 0.052734 0.071485
61 0.069336 0.495679 0.041992 0.234093
61 0.475830 0.424588 0.050293 0.252160
124 0.349609 0.748233 0.689453 0.153181
95 0.865723 0.688924 0.122070 0.227808
95 0.859131 0.138256 0.103027 0.180676
184 0.281494 0.380204 0.016113 0.185389
200 0.203613 0.278083 0.392578 0.061273
1 0.159912 0.491359 0.112793 0.014925
200 0.682129 0.072270 0.341797 0.036135
