26 0.143311 0.240000 0.050293 0.071667
24 0.337158 0.207500 0.050293 0.071667
24 0.527100 0.202500 0.050293 0.071667
24 0.839600 0.203333 0.050293 0.071667
61 0.773926 0.205000 0.044922 0.245000
124 0.744385 0.779167 0.490723 0.105000
122 0.068359 0.146667 0.136719 0.093333
122 0.451660 0.112500 0.181641 0.083333
122 0.908203 0.102917 0.173828 0.102500
166 0.356445 0.445000 0.056641 0.220000
1 0.351807 0.280417 0.084473 0.019167
1 0.138916 0.277500 0.077637 0.016667
200 0.500977 0.694167 0.998047 0.073333
1 0.836670 0.273333 0.087402 0.018333
166 0.845947 0.422083 0.061035 0.189167
