87 0.118652 0.505027 0.063477 0.165448
59 0.238770 0.373400 0.053711 0.227605
24 0.313965 0.415905 0.052734 0.082267
24 0.542480 0.415905 0.052734 0.082267
24 0.734375 0.667276 0.052734 0.082267
61 0.673828 0.676417 0.051758 0.277879
122 0.438232 0.300274 0.248535 0.068556
190 0.292236 0.773766 0.093262 0.178245
199 0.443359 0.967093 0.206055 0.065814
199 0.784424 0.954296 0.426270 0.091408
199 0.881592 0.756399 0.236816 0.125229
197 0.294678 0.204753 0.046387 0.135283
166 0.552246 0.549360 0.064453 0.255941
72 0.344482 0.260512 0.016113 0.023766
