24 0.133468 0.417917 0.059656 0.082500
24 0.506067 0.417917 0.059656 0.082500
26 0.669363 0.457917 0.059656 0.082500
24 0.751264 0.497917 0.059656 0.082500
26 0.841254 0.538750 0.059656 0.082500
40 0.199949 0.375417 0.050051 0.082500
40 0.558898 0.375417 0.050051 0.082500
122 0.315470 0.306667 0.340748 0.113333
59 0.600101 0.397500 0.051567 0.223333
120 0.763903 0.410000 0.215369 0.143333
200 0.639029 0.746667 0.324570 0.125000
200 0.641810 0.213333 0.331143 0.135000
200 0.647118 0.702917 0.307381 0.095833
200 0.724975 0.171667 0.169869 0.086667
24 0.125632 0.938333 0.069262 0.090000
159 0.194641 0.975833 0.025278 0.046667
26 0.836198 0.064167 0.068756 0.093333
24 0.753286 0.034167 0.073812 0.066667
24 0.006320 0.077083 0.012639 0.047500
24 0.808645 0.018750 0.017695 0.037500
201 0.327098 0.380833 0.332659 0.091667
115 0.538423 0.910000 0.018200 0.178333
200 0.061678 0.821667 0.120324 0.111667
159 0.195905 0.899167 0.028817 0.041667
