40 0.234872 0.677083 0.029320 0.040833
93 0.189333 0.879583 0.132876 0.160833
95 0.090455 0.879583 0.139738 0.162500
30 0.155022 0.624167 0.074236 0.083333
28 0.155022 0.624167 0.074236 0.083333
84 0.497505 0.320000 0.106675 0.060000
40 0.233936 0.666667 0.062383 0.083333
122 0.583593 0.743750 0.806613 0.127500
190 0.091703 0.876667 0.123518 0.178333
190 0.203681 0.881667 0.110418 0.171667
109 0.992202 0.472083 0.015596 0.370833
199 0.500000 0.575833 1.000000 0.158333
199 0.500624 0.049583 0.998752 0.099167
201 0.503119 0.352083 0.992514 0.067500
184 0.990643 0.180833 0.018715 0.188333
