24 0.136963 0.126457 0.041504 0.082751
24 0.127197 0.251166 0.041504 0.082751
24 0.466064 0.156760 0.041504 0.082751
24 0.461182 0.246503 0.041504 0.082751
26 0.801514 0.194056 0.041504 0.082751
26 0.803467 0.287296 0.041504 0.082751
63 0.038330 0.226690 0.036621 0.255245
61 0.084473 0.151515 0.035156 0.263403
61 0.373779 0.229021 0.043457 0.250583
59 0.409180 0.109557 0.040039 0.212121
40 0.188232 0.085664 0.034668 0.082751
40 0.183350 0.167249 0.034668 0.082751
200 0.632568 0.064103 0.305176 0.128205
166 0.806396 0.438811 0.051270 0.278555
184 0.118896 0.477855 0.015137 0.139860
1 0.802734 0.240676 0.071289 0.033800
