40 0.189941 0.253328 0.021484 0.035239
24 0.707031 0.570478 0.060547 0.086922
26 0.286133 0.390760 0.060547 0.084573
26 0.518311 0.386844 0.058105 0.076742
120 0.553955 0.187549 0.790527 0.099452
28 0.136719 0.283477 0.053711 0.072044
59 0.636963 0.528583 0.058105 0.211433
26 0.125000 0.532498 0.053711 0.072044
26 0.283691 0.391543 0.053711 0.072044
26 0.514160 0.391543 0.053711 0.072044
24 0.706055 0.569303 0.053711 0.072044
59 0.640381 0.534064 0.048340 0.222396
122 0.380615 0.514096 0.203613 0.080658
122 0.848877 0.644088 0.241699 0.099452
122 0.552734 0.195380 0.811523 0.107283
122 0.064209 0.196554 0.121582 0.093970
40 0.187012 0.247455 0.044922 0.072044
122 0.047607 0.656226 0.088379 0.101801
1 0.128174 0.362569 0.105957 0.023493
200 0.574219 0.032498 0.732422 0.064996
166 0.523682 0.517619 0.054199 0.216132
201 0.573975 0.027800 0.728027 0.055599
