26 0.442383 0.538728 0.041992 0.083237
26 0.437500 0.624277 0.041992 0.083237
24 0.699707 0.246243 0.041992 0.083237
24 0.694336 0.415029 0.041992 0.083237
40 0.744629 0.208092 0.035156 0.083237
40 0.741211 0.374566 0.035156 0.083237
87 0.592529 0.513873 0.060059 0.158382
61 0.389160 0.545665 0.040039 0.261272
67 0.213623 0.444509 0.053223 0.241618
67 0.258789 0.317919 0.040039 0.233526
67 0.298096 0.488439 0.041504 0.225434
5 0.102783 0.519653 0.104980 0.627746
61 0.644287 0.256647 0.043457 0.284393
122 0.854736 0.517919 0.283691 0.110983
122 0.836426 0.128902 0.296875 0.114451
141 0.112305 0.934104 0.083008 0.131792
201 0.855957 0.380347 0.285156 0.094798
