40 0.279976 0.151288 0.030432 0.032189
40 0.277845 0.319027 0.031041 0.037196
40 0.275107 0.994993 0.021911 0.010014
30 0.191722 0.174893 0.073037 0.072246
30 0.193548 0.319385 0.073037 0.072246
61 0.096774 0.324750 0.070603 0.257511
40 0.282106 0.153076 0.050517 0.058655
40 0.280280 0.320458 0.033475 0.052933
26 0.008825 0.805079 0.017651 0.042203
1 0.186853 0.215665 0.129032 0.017883
28 0.198418 0.983548 0.081558 0.032904
26 0.007912 0.882690 0.015825 0.051502
26 0.008521 0.964950 0.017042 0.070100
24 0.011260 0.525036 0.022520 0.087268
1 0.172855 0.362303 0.157030 0.019313
26 0.008825 0.851574 0.017651 0.056509
