26 0.445801 0.716418 0.045898 0.083156
24 0.824707 0.414712 0.045898 0.083156
24 0.826172 0.498934 0.045898 0.083156
40 0.876465 0.374200 0.038086 0.083156
40 0.873047 0.456290 0.038086 0.083156
87 0.544189 0.503198 0.050293 0.159915
87 0.600098 0.501066 0.044922 0.149254
5 0.109375 0.526652 0.108398 0.594883
67 0.227051 0.459488 0.042969 0.226013
192 0.323730 0.845416 0.096680 0.226013
192 0.369873 0.840085 0.088379 0.251599
76 0.446533 0.428038 0.031738 0.084222
122 0.908203 0.280384 0.160156 0.087420
120 0.902344 0.216951 0.165039 0.214286
141 0.113525 0.074627 0.097168 0.149254
95 0.324219 0.183369 0.094727 0.208955
26 0.823975 0.968550 0.050293 0.062900
95 0.365479 0.191365 0.088379 0.197228
166 0.453857 0.180171 0.044434 0.213220
24 0.450439 0.098614 0.048340 0.097015
170 0.772949 0.929104 0.036133 0.141791
184 0.510010 0.042111 0.023926 0.084222
200 0.920898 0.823561 0.157227 0.109808
171 0.771240 0.492537 0.034668 0.226013
24 0.877686 0.973881 0.020996 0.043710
172 0.771484 0.483475 0.034180 0.214286
172 0.772949 0.929104 0.034180 0.141791
