26 0.148464 0.455833 0.081229 0.083333
26 0.160068 0.539167 0.081229 0.083333
24 0.433788 0.496667 0.081229 0.083333
26 0.441980 0.624167 0.081229 0.083333
26 0.730717 0.539167 0.081229 0.083333
24 0.824232 0.496667 0.081229 0.083333
40 0.914676 0.455833 0.068259 0.083333
40 0.903072 0.539167 0.068259 0.083333
61 0.644369 0.509583 0.080546 0.280833
122 0.921502 0.385417 0.113311 0.060833
122 0.855631 0.676667 0.242321 0.130000
122 0.095904 0.332500 0.152218 0.118333
122 0.060410 0.671667 0.093515 0.145000
120 0.235495 0.255833 0.447782 0.136667
72 0.438225 0.377083 0.045051 0.044167
162 0.510580 0.378750 0.075085 0.265833
199 0.499659 0.880833 0.999317 0.238333
26 0.991126 0.609167 0.017747 0.083333
171 0.116041 0.618333 0.021843 0.345000
