24 0.160218 0.210602 0.073761 0.073066
26 0.173519 0.460602 0.073761 0.073066
26 0.342201 0.174069 0.073761 0.073066
24 0.347037 0.424069 0.073761 0.073066
26 0.561064 0.247135 0.073761 0.073066
24 0.559250 0.497135 0.073761 0.073066
26 0.737606 0.320201 0.073761 0.073066
24 0.739420 0.570201 0.073761 0.073066
63 0.083434 0.460960 0.061669 0.204155
63 0.068319 0.210960 0.061669 0.204155
63 0.472189 0.497493 0.061669 0.204155
63 0.470979 0.247493 0.061669 0.204155
72 0.165357 0.138610 0.023579 0.027937
72 0.348851 0.117837 0.033857 0.033668
72 0.571040 0.176218 0.033253 0.031519
72 0.751209 0.241046 0.029625 0.039398
