26 0.123535 0.753585 0.056641 0.073208
26 0.220215 0.680377 0.056641 0.073208
24 0.317383 0.570943 0.056641 0.073208
24 0.412598 0.570943 0.056641 0.073208
26 0.567383 0.680377 0.056641 0.073208
24 0.701172 0.570943 0.056641 0.073208
24 0.801270 0.496981 0.056641 0.073208
24 0.901367 0.496981 0.056641 0.073208
63 0.061768 0.753585 0.047363 0.204528
120 0.243896 0.740377 0.250488 0.294340
120 0.701904 0.637358 0.238770 0.242264
73 0.419189 0.677358 0.026855 0.044528
73 0.908203 0.609057 0.023438 0.051321
