24 0.133109 0.568571 0.072827 0.071429
24 0.139841 0.642857 0.072827 0.071429
26 0.348531 0.461429 0.072827 0.071429
26 0.361995 0.532857 0.072827 0.071429
24 0.559058 0.497143 0.072827 0.071429
24 0.560894 0.568571 0.072827 0.071429
24 0.817931 0.568571 0.072827 0.071429
24 0.814259 0.642857 0.072827 0.071429
63 0.485924 0.533214 0.061200 0.199286
63 0.056916 0.643214 0.061200 0.199286
61 0.220624 0.568214 0.041004 0.193571
61 0.294064 0.496786 0.041004 0.193571
95 0.071603 0.786071 0.143207 0.209286
