26 0.347582 0.390969 0.037616 0.070485
26 0.347582 0.461454 0.037616 0.070485
26 0.415975 0.390969 0.037616 0.070485
26 0.415975 0.461454 0.037616 0.070485
26 0.632877 0.390969 0.037616 0.070485
26 0.637763 0.461454 0.037616 0.070485
26 0.737909 0.390969 0.037616 0.070485
26 0.739863 0.461454 0.037616 0.070485
26 0.813141 0.390969 0.037616 0.070485
26 0.819980 0.461454 0.037616 0.070485
26 0.896678 0.390969 0.037616 0.070485
26 0.896678 0.461454 0.037616 0.070485
87 0.494382 0.531938 0.031265 0.121145
61 0.305081 0.391520 0.021006 0.192731
61 0.278701 0.462004 0.021006 0.192731
69 0.198583 0.426762 0.036639 0.188326
142 0.101368 0.497247 0.092330 0.311674
