26 0.126953 0.320551 0.056641 0.072226
26 0.135254 0.392777 0.056641 0.072226
26 0.469238 0.248325 0.056641 0.072226
26 0.469238 0.320551 0.056641 0.072226
26 0.569336 0.248325 0.056641 0.072226
26 0.570801 0.320551 0.056641 0.072226
24 0.789551 0.356292 0.056641 0.072226
24 0.792969 0.429263 0.056641 0.072226
63 0.058350 0.320551 0.047363 0.201787
63 0.393799 0.320551 0.047363 0.201787
63 0.725830 0.429263 0.047363 0.201787
40 0.210693 0.284438 0.022949 0.034252
40 0.214111 0.393150 0.022949 0.034252
70 0.141846 0.194713 0.090332 0.088608
72 0.464844 0.155249 0.021484 0.030529
72 0.571777 0.152643 0.028320 0.040208
72 0.792969 0.255771 0.026367 0.033507
93 0.107178 0.752048 0.092285 0.156366
