24 0.135209 0.714286 0.059263 0.071429
24 0.235309 0.642857 0.059263 0.071429
26 0.328436 0.534286 0.059263 0.071429
26 0.445468 0.534286 0.059263 0.071429
24 0.597361 0.642857 0.059263 0.071429
26 0.699452 0.534286 0.059263 0.071429
26 0.806026 0.461429 0.059263 0.071429
26 0.901145 0.461429 0.059263 0.071429
63 0.060259 0.750357 0.049801 0.199286
120 0.249502 0.697857 0.249004 0.227143
120 0.704432 0.626071 0.250498 0.213571
73 0.448207 0.607143 0.044821 0.045714
73 0.909861 0.542500 0.026892 0.016429
