26 0.138428 0.298965 0.049316 0.067675
24 0.280029 0.197850 0.049316 0.067675
24 0.368896 0.197850 0.049316 0.067675
26 0.470459 0.298965 0.049316 0.067675
24 0.595947 0.264729 0.049316 0.067675
30 0.729248 0.129379 0.049316 0.067675
30 0.822998 0.129379 0.049316 0.067675
24 0.931396 0.264729 0.049316 0.067675
61 0.080322 0.265127 0.027832 0.183121
61 0.664795 0.129777 0.027832 0.183121
120 0.198486 0.122611 0.146973 0.119427
120 0.448242 0.168790 0.141602 0.141720
120 0.898926 0.122611 0.162109 0.168790
61 0.208740 0.163217 0.027832 0.183121
120 0.639404 0.076433 0.116699 0.130573
