24 0.175137 0.213467 0.059292 0.071633
26 0.533881 0.249284 0.059292 0.071633
24 0.709268 0.285100 0.059292 0.071633
40 0.252118 0.213109 0.023916 0.033668
40 0.789736 0.284742 0.023916 0.033668
59 0.091679 0.213825 0.045840 0.178367
59 0.458894 0.249642 0.045840 0.178367
59 0.624315 0.285458 0.045840 0.178367
95 0.113602 0.606375 0.116592 0.209885
95 0.185351 0.606375 0.116592 0.209885
120 0.353264 0.114255 0.365720 0.108166
120 0.849028 0.162249 0.282013 0.136819
72 0.542352 0.164398 0.033383 0.040831
