24 0.190463 0.334667 0.063039 0.065333
26 0.451239 0.236667 0.063039 0.065333
26 0.609644 0.236667 0.063039 0.065333
24 0.763200 0.334667 0.063039 0.065333
59 0.088362 0.269333 0.048491 0.162667
59 0.360453 0.171333 0.048491 0.162667
95 0.121767 0.731667 0.123922 0.191333
120 0.718481 0.139333 0.205280 0.146667
120 0.282866 0.134333 0.288793 0.190000
70 0.185075 0.125000 0.086746 0.068667
72 0.446659 0.110333 0.024784 0.043333
72 0.616110 0.129333 0.019935 0.026667
72 0.767780 0.244000 0.033405 0.037333
194 0.164332 0.757000 0.058190 0.088667
40 0.280981 0.302000 0.025323 0.030667
