26 0.140033 0.365731 0.065898 0.067468
26 0.497529 0.298263 0.065898 0.067468
26 0.617792 0.298263 0.065898 0.067468
24 0.814937 0.399800 0.065898 0.067468
40 0.228446 0.365731 0.026359 0.031396
120 0.331137 0.162659 0.372323 0.170341
120 0.734487 0.255845 0.283910 0.167001
95 0.105711 0.734135 0.130148 0.197729
194 0.177924 0.742485 0.054915 0.099532
72 0.493959 0.228457 0.033498 0.026720
72 0.627677 0.245491 0.032949 0.040748
72 0.817957 0.322979 0.033498 0.044756
70 0.153487 0.270875 0.143328 0.087508
