24 0.146875 0.495351 0.075000 0.072246
24 0.163750 0.569742 0.075000 0.072246
24 0.430625 0.428112 0.075000 0.072246
24 0.430625 0.495351 0.075000 0.072246
24 0.586250 0.428112 0.075000 0.072246
24 0.592500 0.495351 0.075000 0.072246
26 0.843125 0.532546 0.075000 0.072246
26 0.830000 0.606223 0.075000 0.072246
63 0.717812 0.606581 0.063125 0.201717
40 0.251875 0.461731 0.030000 0.033619
40 0.250625 0.532546 0.030000 0.033619
71 0.177813 0.693491 0.131875 0.076538
73 0.438125 0.606581 0.038750 0.044349
73 0.599375 0.610515 0.030000 0.043634
73 0.826250 0.698498 0.040000 0.047926
