26 0.125244 0.393184 0.051270 0.073150
26 0.127197 0.463840 0.051270 0.073150
26 0.240479 0.393184 0.051270 0.073150
26 0.243896 0.463840 0.051270 0.073150
26 0.519287 0.393184 0.051270 0.073150
26 0.517822 0.463840 0.051270 0.073150
26 0.644775 0.393184 0.051270 0.073150
26 0.642822 0.463840 0.051270 0.073150
26 0.762939 0.393184 0.051270 0.073150
26 0.761475 0.463840 0.051270 0.073150
26 0.878174 0.393184 0.051270 0.073150
26 0.873291 0.463840 0.051270 0.073150
63 0.046875 0.429759 0.042969 0.204489
87 0.362305 0.497091 0.042969 0.124688
95 0.088379 0.789692 0.100586 0.214464
