26 0.084717 0.750910 0.057129 0.071377
24 0.198486 0.574654 0.057129 0.071377
24 0.317139 0.574654 0.057129 0.071377
26 0.432373 0.750910 0.057129 0.071377
26 0.550537 0.750910 0.057129 0.071377
24 0.670654 0.574654 0.057129 0.071377
24 0.772705 0.574654 0.057129 0.071377
26 0.891357 0.750910 0.057129 0.071377
120 0.346436 0.702112 0.142090 0.199563
120 0.807861 0.718500 0.146973 0.187181
73 0.085205 0.809177 0.033691 0.034960
73 0.201904 0.667516 0.036621 0.044428
73 0.546875 0.801894 0.028320 0.045157
73 0.670410 0.661326 0.035156 0.042243
