24 0.126953 0.428512 0.050781 0.072319
24 0.277344 0.357024 0.050781 0.072319
24 0.367188 0.357024 0.050781 0.072319
26 0.477539 0.248130 0.050781 0.072319
26 0.572754 0.248130 0.050781 0.072319
24 0.664551 0.357024 0.050781 0.072319
24 0.756348 0.357024 0.050781 0.072319
26 0.899902 0.465087 0.050781 0.072319
63 0.215088 0.392768 0.042480 0.201995
63 0.420654 0.248130 0.042480 0.201995
63 0.839600 0.502494 0.042480 0.201995
120 0.196045 0.283042 0.158691 0.122195
120 0.408936 0.217373 0.109863 0.127182
120 0.642822 0.234414 0.113770 0.139651
120 0.859619 0.335411 0.156738 0.147132
